1,1=0.0
1,2=1.2375015000000003
1,3=1.2509819999999996
1,4=1.3459700000000003
1,5=1.5814175000000001
1,6=1.7035274999999999
1,7=1.7835264999999996
1,8=1.8305414999999996
1,9=1.8359994999999993
1,10=1.8459670000000004
1,11=1.8382420000000006
1,12=1.8339919999999998
1,13=1.7895149999999993
1,14=1.8518705
1,15=1.8613790000000001
1,16=1.8596579999999998
1,17=1.8648625
1,18=1.8609549999999997
1,19=1.8520244999999997
1,20=1.8600914999999998
1,21=1.8634805000000005
1,22=1.8613425000000001
1,23=1.8746949999999996
1,24=1.89703
1,25=1.882561
1,26=1.8995730000000002
1,27=1.8699234999999998
1,28=1.8542969999999994
1,29=2.0736179999999997
1,30=1.8973144999999998
1,31=1.9466494999999997
1,32=1.9614245000000001
1,33=1.8599050000000004
1,34=1.9297384999999994
1,35=1.9109742499999998
1,36=1.9511309999999997
1,37=1.9126854999999994
1,38=2.1051392499999997
1,39=1.9428174999999999
1,40=2.1634789999999997
1,41=1.944529
1,42=2.067279
1,43=1.864103
1,44=2.1063454999999998
1,45=1.9098579999999998
1,46=1.9847255000000001
1,47=1.97673875
1,48=1.7911700000000002
1,49=1.9224689999999995
1,50=1.7627984999999997
1,51=1.966007
1,52=1.6265204999999996
1,53=1.9252870000000002
1,54=1.7166175
1,55=1.9197319999999998
1,56=1.735459
1,57=1.7497505000000002
1,58=1.8876129999999995
1,59=1.7277964999999995
1,60=1.9388515
1,61=1.6444280000000004
1,62=1.9455715000000002
1,63=1.81343
1,64=1.8605159999999996
1,65=1.898667
1,66=1.7684954999999993
1,67=2.045393
1,68=1.8548104999999997
1,69=2.066169
1,70=1.8755555
1,71=1.9843285000000002
1,72=2.0824675
1,73=2.0175310000000004
1,74=2.2441695
1,75=1.9833045
1,76=2.1684755
1,77=2.2717715
1,78=2.1397735000000004
1,79=2.3771560000000003
1,80=2.1529030000000002
1,81=2.298384
1,82=2.3973245
1,83=2.159350999999999
1,84=2.317973
1,85=2.1829850000000004
1,86=2.3334675
1,87=2.2864194999999996
1,88=2.1781279999999996
1,89=2.3342125
1,90=2.1862649999999992
1,91=2.289365
1,92=2.32913
1,93=2.2276730000000002
1,94=2.4893445000000005
1,95=2.330327499999999
1,96=2.539402
1,97=2.427062999999999
1,98=2.778101499999999
1,99=2.6318950000000014
1,100=2.542696500000001
1,101=2.631884499999999
1,102=2.6681384999999986
2,1=1.2375015000000003
2,2=0.0
2,3=0.44937999999999967
2,4=0.5611399999999998
2,5=0.6038059999999998
2,6=0.6810015
2,7=0.7322945000000001
2,8=0.7827384999999998
2,9=0.7971914999999998
2,10=0.8345570000000001
2,11=0.8390629999999999
2,12=0.8476439999999997
2,13=0.9262874999999995
2,14=0.8845069999999997
2,15=0.913441
2,16=0.9205469999999997
2,17=0.9252249999999996
2,18=0.9436407499999998
2,19=0.9454609999999999
2,20=0.9801214999999998
2,21=0.9395010000000001
2,22=0.9670339999999998
2,23=0.9956934999999995
2,24=0.9011579999999998
2,25=0.9284994999999998
2,26=0.9012469999999998
2,27=0.9542882499999998
2,28=0.7715299999999997
2,29=1.0330549999999996
2,30=1.1498999999999997
2,31=0.9874109999999997
2,32=1.1557680000000001
2,33=1.2191917499999998
2,34=1.1961245
2,35=1.3322534999999998
2,36=1.3080129999999999
2,37=1.2694804999999993
2,38=1.2923039999999992
2,39=1.3786974999999995
2,40=1.3110659999999994
2,41=1.2389295
2,42=1.2344074999999999
2,43=1.300732
2,44=1.3715935
2,45=1.2769629999999998
2,46=1.305149
2,47=1.3668689999999994
2,48=1.2609945000000002
2,49=1.3295355
2,50=1.2156535000000002
2,51=1.2053579999999995
2,52=1.1764099999999995
2,53=1.2995549999999996
2,54=1.1987625
2,55=1.2163439999999996
2,56=1.2647849999999996
2,57=1.1752715
2,58=1.3273994999999994
2,59=1.1938399999999996
2,60=1.3662384999999995
2,61=1.1954129999999998
2,62=1.2789019999999995
2,63=1.2899195
2,64=1.2790279999999998
2,65=1.288802
2,66=1.3057974999999997
2,67=1.5069184999999998
2,68=1.327467
2,69=1.4287069999999997
2,70=1.2760915
2,71=1.4625219999999999
2,72=1.426319
2,73=1.4737994999999997
2,74=1.6262984999999994
2,75=1.3315320000000002
2,76=1.6004129999999996
2,77=1.6719009999999996
2,78=1.4459540000000004
2,79=1.7363540000000002
2,80=1.4508334999999999
2,81=1.6329209999999996
2,82=1.6133285
2,83=1.3951597499999997
2,84=1.666687749999999
2,85=1.5249055
2,86=1.7379879999999996
2,87=1.6852234999999998
2,88=1.6036202499999996
2,89=1.570459
2,90=1.687164749999999
2,91=1.6232479999999996
2,92=1.7220485
2,93=1.7300504999999995
2,94=1.83006
2,95=1.8084759999999984
2,96=1.8870120000000001
2,97=1.8104700000000005
2,98=2.1362989999999993
2,99=2.0141405000000003
2,100=2.0168380000000004
2,101=1.9724109999999988
2,102=1.9685797499999984
3,1=1.2509819999999996
3,2=0.44937999999999967
3,3=0.0
3,4=0.22055100000000022
3,5=0.4634625000000001
3,6=0.5573660000000001
3,7=0.6200735000000004
3,8=0.673627
3,9=0.6770015
3,10=0.6909030000000002
3,11=0.6879465000000002
3,12=0.691775
3,13=0.644914
3,14=0.7184115
3,15=0.7374015000000002
3,16=0.7407265
3,17=0.7491670000000001
3,18=0.7512015000000002
3,19=0.74237
3,20=0.742212
3,21=0.7441210000000005
3,22=0.7611545000000003
3,23=0.7631529999999999
3,24=0.7715455000000001
3,25=0.7642930000000001
3,26=0.7897825000000002
3,27=0.7530415000000001
3,28=0.7689290000000001
3,29=0.946412
3,30=1.017385
3,31=1.0740105000000002
3,32=1.1236550000000003
3,33=1.25274025
3,34=1.2029810000000003
3,35=1.2814792500000003
3,36=1.2432395
3,37=1.2945042499999997
3,38=1.2892230000000007
3,39=1.280837
3,40=1.3176625000000004
3,41=1.2683730000000002
3,42=1.1718025000000005
3,43=1.2238610000000003
3,44=1.2232145
3,45=1.2308750000000002
3,46=1.1827795
3,47=1.2324469999999998
3,48=1.1166040000000002
3,49=1.2627195000000002
3,50=1.0923920000000003
3,51=1.238725
3,52=0.9952070000000001
3,53=1.1045874999999998
3,54=1.0740865
3,55=1.0429969999999997
3,56=1.1131700000000002
3,57=0.9994835000000003
3,58=1.2429119999999996
3,59=1.0676959999999998
3,60=1.2190315
3,61=1.0061835000000003
3,62=1.0387990000000005
3,63=1.1664600000000003
3,64=1.1461970000000004
3,65=1.220078
3,66=1.1081634999999999
3,67=1.3694500000000005
3,68=1.2026350000000003
3,69=1.2052275
3,70=1.1784965000000005
3,71=1.2614790000000005
3,72=1.3817160000000004
3,73=1.3492935000000004
3,74=1.3835110000000002
3,75=1.2551285
3,76=1.3751065000000002
3,77=1.581712
3,78=1.3865070000000008
3,79=1.5040375000000004
3,80=1.3747425000000004
3,81=1.4692690000000006
3,82=1.581011
3,83=1.3776249999999997
3,84=1.4995149999999997
3,85=1.4323432499999997
3,86=1.6343154999999996
3,87=1.6105734999999997
3,88=1.5199125000000002
3,89=1.5464290000000003
3,90=1.5695399999999995
3,91=1.5541230000000004
3,92=1.6572755
3,93=1.5874170000000003
3,94=1.8125619999999998
3,95=1.6941739999999994
3,96=1.7757280000000004
3,97=1.7507740000000007
3,98=1.9922354999999992
3,99=1.9650105000000009
3,100=1.915191000000001
3,101=1.9124609999999989
3,102=1.9430054999999993
4,1=1.3459700000000003
4,2=0.5611399999999998
4,3=0.22055100000000022
4,4=0.0
4,5=0.34987849999999976
4,6=0.44378199999999984
4,7=0.5064895
4,8=0.5596829999999995
4,9=0.5634174999999998
4,10=0.5773189999999999
4,11=0.5743625
4,12=0.5781909999999997
4,13=0.5168189999999997
4,14=0.6048274999999997
4,15=0.6238174999999999
4,16=0.6271424999999997
4,17=0.6355829999999997
4,18=0.6376174999999998
4,19=0.6287859999999997
4,20=0.6141169999999997
4,21=0.6305370000000002
4,22=0.6475704999999998
4,23=0.6350579999999996
4,24=0.6579614999999999
4,25=0.6507089999999999
4,26=0.6761984999999999
4,27=0.6003285
4,28=0.6354259999999997
4,29=0.8427729999999998
4,30=0.9562572499999998
4,31=1.0128784999999998
4,32=1.075278
4,33=1.219951
4,34=1.145525
4,35=1.18876275
4,36=1.1835254999999996
4,37=1.2217237499999998
4,38=1.189645
4,39=1.1659559999999995
4,40=1.208641
4,41=1.1926020000000002
4,42=1.0605944999999999
4,43=1.1089799999999999
4,44=1.0772885000000003
4,45=1.1551039999999997
4,46=1.0494735
4,47=1.1175659999999996
4,48=0.963748
4,49=1.1650304999999999
4,50=1.0166210000000002
4,51=1.1692372499999997
4,52=0.9210960000000002
4,53=1.0333415
4,54=1.0169755
4,55=0.9268529999999996
4,56=1.0041829999999998
4,57=0.9230795000000003
4,58=1.1633024999999995
4,59=1.0279499999999997
4,60=1.1596244999999998
4,61=0.9720085000000004
4,62=0.96655
4,63=1.11152
4,64=1.093471
4,65=1.0832789999999994
4,66=1.0912925000000002
4,67=1.2965939999999998
4,68=1.1539039999999998
4,69=1.1496904999999997
4,70=1.0416975
4,71=1.2464870000000006
4,72=1.2553969999999999
4,73=1.2804625000000005
4,74=1.3123999999999998
4,75=1.1183294999999998
4,76=1.2982005
4,77=1.4852589999999999
4,78=1.2899400000000005
4,79=1.4280365
4,80=1.2379434999999996
4,81=1.3923630000000005
4,82=1.5122549999999997
4,83=1.2799359999999993
4,84=1.4423489999999997
4,85=1.3027997499999997
4,86=1.530135
4,87=1.4965549999999994
4,88=1.4281215
4,89=1.4476049999999998
4,90=1.4546589999999995
4,91=1.4944089999999999
4,92=1.5595864999999995
4,93=1.4793514999999995
4,94=1.675763
4,95=1.579292999999999
4,96=1.6498780000000002
4,97=1.653085
4,98=1.9135924999999998
4,99=1.8490720000000005
4,100=1.8028970000000002
4,101=1.857131999999999
4,102=1.845316499999999
5,1=1.5814175000000001
5,2=0.6038059999999998
5,3=0.4634625000000001
5,4=0.34987849999999976
5,5=0.0
5,6=0.1522554999999998
5,7=0.2529894999999999
5,8=0.3192054999999996
5,9=0.3461134999999993
5,10=0.39422199999999963
5,11=0.39562899999999973
5,12=0.4030889999999996
5,13=0.49366899999999947
5,14=0.44051099999999954
5,15=0.4686419999999999
5,16=0.4760409999999996
5,17=0.4852524999999996
5,18=0.5066084999999998
5,19=0.5095439999999998
5,20=0.5499099999999997
5,21=0.5071165000000002
5,22=0.5253954999999998
5,23=0.5649769999999994
5,24=0.4881824999999999
5,25=0.4833184999999999
5,26=0.4970254999999999
5,27=0.6143594999999997
5,28=0.5300894999999998
5,29=0.6746049999999996
5,30=1.0451639999999993
5,31=0.9781969999999998
5,32=1.0685835000000004
5,33=1.1899919999999997
5,34=1.0973834999999996
5,35=1.24244275
5,36=1.2635399999999999
5,37=1.21562925
5,38=1.16866125
5,39=1.2283564999999999
5,40=1.1400769999999993
5,41=1.125068
5,42=1.0147315
5,43=1.1693205000000004
5,44=1.12637
5,45=1.1977839999999995
5,46=1.0841814999999997
5,47=1.247051
5,48=1.0930475000000004
5,49=1.1417445000000002
5,50=1.1294565000000003
5,51=1.1176910000000002
5,52=1.11113
5,53=1.1337795
5,54=1.1569515000000004
5,55=1.0467635
5,56=1.2151369999999995
5,57=1.1277659999999998
5,58=1.1521839999999997
5,59=1.1518125000000001
5,60=1.2199119999999997
5,61=1.1708425
5,62=1.1203179999999997
5,63=1.241622
5,64=1.2604839999999995
5,65=1.1481875
5,66=1.2624939999999998
5,67=1.396376
5,68=1.2751584999999999
5,69=1.3072894999999995
5,70=1.1389555000000002
5,71=1.4536935
5,72=1.274931
5,73=1.390714
5,74=1.4317159999999998
5,75=1.1806184999999996
5,76=1.469831
5,77=1.5734899999999998
5,78=1.2764025000000006
5,79=1.49380525
5,80=1.2435304999999999
5,81=1.4615150000000003
5,82=1.5168304999999997
5,83=1.2153317499999998
5,84=1.4937852499999997
5,85=1.3310475
5,86=1.5659935
5,87=1.5031864999999995
5,88=1.44919625
5,89=1.413735
5,90=1.5809089999999997
5,91=1.4491740000000002
5,92=1.5305267499999995
5,93=1.5295175000000003
5,94=1.6545307500000002
5,95=1.6550779999999992
5,96=1.6489640000000003
5,97=1.58391275
5,98=1.9717074999999988
5,99=1.807131
5,100=1.872376500000001
5,101=1.843848499999999
5,102=1.7706154999999986
6,1=1.7035274999999999
6,2=0.6810015
6,3=0.5573660000000001
6,4=0.44378199999999984
6,5=0.1522554999999998
6,6=0.0
6,7=0.1214980000000001
6,8=0.22278599999999968
6,9=0.2598999999999995
6,10=0.3164034999999996
6,11=0.32756049999999964
6,12=0.34119549999999976
6,13=0.42566049999999966
6,14=0.37995749999999967
6,15=0.40729749999999965
6,16=0.41750549999999975
6,17=0.4268429999999996
6,18=0.44578499999999993
6,19=0.44872049999999974
6,20=0.4917414999999997
6,21=0.44629300000000016
6,22=0.4645719999999999
6,23=0.5068084999999993
6,24=0.427359
6,25=0.42249499999999984
6,26=0.436202
6,27=0.589628
6,28=0.5029200000000003
6,29=0.6635694999999997
6,30=1.0163794999999998
6,31=1.0447465
6,32=1.11639225
6,33=1.258867
6,34=1.154393
6,35=1.2758375000000002
6,36=1.3209370000000002
6,37=1.2639892500000003
6,38=1.17716075
6,39=1.272653
6,40=1.1075844999999997
6,41=1.1416077499999997
6,42=0.9962839999999998
6,43=1.1902795000000004
6,44=1.1190305
6,45=1.2457417499999996
6,46=1.0971344999999997
6,47=1.28293
6,48=1.149213
6,49=1.2005980000000003
6,50=1.1849945000000002
6,51=1.1214635000000002
6,52=1.1685454999999998
6,53=1.1374070000000003
6,54=1.20705675
6,55=1.0932109999999995
6,56=1.2620167499999997
6,57=1.1781785
6,58=1.1805905
6,59=1.2158739999999997
6,60=1.2374094999999998
6,61=1.2305225000000002
6,62=1.1537480000000002
6,63=1.29177375
6,64=1.3020489999999993
6,65=1.169353
6,66=1.3142179999999994
6,67=1.4276335000000002
6,68=1.3322305
6,69=1.3547319999999998
6,70=1.1991695000000002
6,71=1.4861262499999999
6,72=1.2969720000000002
6,73=1.4204860000000001
6,74=1.4737385
6,75=1.2404162500000004
6,76=1.5090110000000005
6,77=1.60251475
6,78=1.3274670000000004
6,79=1.4796102500000006
6,80=1.307172
6,81=1.4616775
6,82=1.5637530000000002
6,83=1.2472382499999997
6,84=1.5149202499999999
6,85=1.3914565000000003
6,86=1.5745785
6,87=1.5207075000000003
6,88=1.4573907500000005
6,89=1.3941405000000007
6,90=1.6120304999999997
6,91=1.4998799999999999
6,92=1.58066575
6,93=1.5981872499999996
6,94=1.64366425
6,95=1.692311999999999
6,96=1.6129620000000002
6,97=1.6317412500000001
6,98=1.9580027499999986
6,99=1.785781000000001
6,100=1.8908120000000008
6,101=1.8874079999999986
6,102=1.8043684999999992
7,1=1.7835264999999996
7,2=0.7322945000000001
7,3=0.6200735000000004
7,4=0.5064895
7,5=0.2529894999999999
7,6=0.1214980000000001
7,7=0.0
7,8=0.15600199999999986
7,9=0.19740299999999975
7,10=0.25916649999999974
7,11=0.27501349999999974
7,12=0.28864849999999986
7,13=0.37411399999999984
7,14=0.3274104999999998
7,15=0.35518749999999977
7,16=0.36612349999999994
7,17=0.3883859999999996
7,18=0.4093289999999999
7,19=0.41226449999999976
7,20=0.4542849999999998
7,21=0.4063420000000001
7,22=0.42046099999999986
7,23=0.46935199999999944
7,24=0.405298
7,25=0.38779899999999995
7,26=0.3977089999999999
7,27=0.5721735
7,28=0.5319920000000002
7,29=0.6953495000000001
7,30=1.020617
7,31=1.0872134999999998
7,32=1.1422172500000003
7,33=1.28844525
7,34=1.2104460000000001
7,35=1.2841055000000003
7,36=1.3471554999999997
7,37=1.3118820000000002
7,38=1.1991239999999999
7,39=1.31391225
7,40=1.0861109999999998
7,41=1.1575647500000001
7,42=0.9998805000000002
7,43=1.2326485000000003
7,44=1.1353315
7,45=1.2729957500000002
7,46=1.1367429999999996
7,47=1.3183595000000001
7,48=1.1933787500000004
7,49=1.2288315
7,50=1.2317107500000004
7,51=1.1601849999999998
7,52=1.2082177499999998
7,53=1.183935
7,54=1.2368620000000004
7,55=1.1469065
7,56=1.2988185
7,57=1.2399215
7,58=1.211624
7,59=1.2704935000000002
7,60=1.2867874999999998
7,61=1.25675975
7,62=1.2012585000000002
7,63=1.3241297500000002
7,64=1.3583444999999998
7,65=1.2080195
7,66=1.3724094999999994
7,67=1.4660740000000003
7,68=1.3742177500000001
7,69=1.3871025000000001
7,70=1.2426595000000002
7,71=1.5199905000000005
7,72=1.330254
7,73=1.4460232500000005
7,74=1.5042190000000002
7,75=1.2746090000000003
7,76=1.5464090000000001
7,77=1.6325499999999997
7,78=1.3645060000000007
7,79=1.5169880000000004
7,80=1.3454004999999998
7,81=1.5006255000000004
7,82=1.5956294999999996
7,83=1.28210075
7,84=1.5372379999999999
7,85=1.4361670000000002
7,86=1.61562225
7,87=1.5507425000000001
7,88=1.4874277499999997
7,89=1.4306010000000002
7,90=1.6617279999999994
7,91=1.5815475
7,92=1.6194510000000002
7,93=1.6399527500000004
7,94=1.6882954999999997
7,95=1.7342009999999992
7,96=1.6896110000000004
7,97=1.666834000000001
7,98=1.9941534999999988
7,99=1.806292000000001
7,100=1.9330225000000008
7,101=1.9102924999999988
7,102=1.8201864999999995
8,1=1.8305414999999996
8,2=0.7827384999999998
8,3=0.673627
8,4=0.5596829999999995
8,5=0.3192054999999996
8,6=0.22278599999999968
8,7=0.15600199999999986
8,8=0.0
8,9=0.08426499999999992
8,10=0.2153435
8,11=0.23459049999999992
8,12=0.25541550000000013
8,13=0.33766850000000037
8,14=0.29787749999999996
8,15=0.3317915
8,16=0.3444785
8,17=0.372414
8,18=0.38753300000000035
8,19=0.3906735000000001
8,20=0.4309205
8,21=0.3829510000000005
8,22=0.39707000000000026
8,23=0.4498274999999997
8,24=0.39970300000000036
8,25=0.39349500000000015
8,26=0.3885490000000004
8,27=0.5711899999999999
8,28=0.5678670000000003
8,29=0.7309034999999998
8,30=1.0441904999999996
8,31=1.1285274999999997
8,32=1.17907325
8,33=1.3219575
8,34=1.2636849999999997
8,35=1.3929245
8,36=1.3496130000000002
8,37=1.3679017499999997
8,38=1.2488592499999998
8,39=1.3279629999999996
8,40=1.1805984999999994
8,41=1.1800047500000002
8,42=1.021568
8,43=1.2530745000000008
8,44=1.1644124999999996
8,45=1.27645675
8,46=1.1662339999999998
8,47=1.341924
8,48=1.228948
8,49=1.2686374999999996
8,50=1.2661545000000003
8,51=1.2108974999999997
8,52=1.2375157499999998
8,53=1.2355454999999997
8,54=1.2643650000000002
8,55=1.1786919999999996
8,56=1.3168749999999998
8,57=1.2820744999999998
8,58=1.2631114999999995
8,59=1.2976429999999999
8,60=1.3167079999999998
8,61=1.29981225
8,62=1.2580774999999997
8,63=1.3424600000000002
8,64=1.4033352499999996
8,65=1.2537979999999997
8,66=1.4024272499999997
8,67=1.5033545
8,68=1.4073454999999995
8,69=1.4137104999999999
8,70=1.27756825
8,71=1.5446735
8,72=1.3534990000000002
8,73=1.476186
8,74=1.5320544999999999
8,75=1.3062437500000001
8,76=1.5585195
8,77=1.6426569999999996
8,78=1.3939275000000004
8,79=1.5102092500000004
8,80=1.3698704999999998
8,81=1.5210184999999998
8,82=1.620862
8,83=1.3098572499999996
8,84=1.5421342500000002
8,85=1.4637495
8,86=1.6355864999999998
8,87=1.5364084999999998
8,88=1.47542375
8,89=1.4777769999999997
8,90=1.6962089999999994
8,91=1.57593375
8,92=1.6427664999999991
8,93=1.6233432499999996
8,94=1.6864654999999997
8,95=1.751818999999999
8,96=1.7082300000000004
8,97=1.7132442499999998
8,98=1.992492499999999
8,99=1.8066200000000006
8,100=1.9162505000000007
8,101=1.8523389999999988
8,102=1.856892999999999
9,1=1.8359994999999993
9,2=0.7971914999999998
9,3=0.6770015
9,4=0.5634174999999998
9,5=0.3461134999999993
9,6=0.2598999999999995
9,7=0.19740299999999975
9,8=0.08426499999999992
9,9=0.0
9,10=0.1731645
9,11=0.18449149999999992
9,12=0.20615049999999985
9,13=0.27715000000000045
9,14=0.23844350000000003
9,15=0.2812834999999999
9,16=0.3010855000000001
9,17=0.3377809999999999
9,18=0.3552050000000002
9,19=0.35834549999999993
9,20=0.3959720000000001
9,21=0.3498880000000005
9,22=0.36084700000000014
9,23=0.4261239999999997
9,24=0.38119000000000003
9,25=0.3790769999999997
9,26=0.37445100000000003
9,27=0.5480225
9,28=0.5658920000000001
9,29=0.7241504999999998
9,30=1.0357209999999997
9,31=1.1356404999999996
9,32=1.1795422499999997
9,33=1.3089842499999997
9,34=1.2682289999999998
9,35=1.4064314999999998
9,36=1.3247505
9,37=1.3688119999999997
9,38=1.25991
9,39=1.3247409999999995
9,40=1.1988669999999995
9,41=1.1762577499999995
9,42=1.0258364999999996
9,43=1.2596654999999999
9,44=1.1728024999999995
9,45=1.2590847499999995
9,46=1.1661059999999996
9,47=1.3433524999999995
9,48=1.2277045
9,49=1.262771
9,50=1.2609229999999998
9,51=1.2412894999999997
9,52=1.22498825
9,53=1.2554529999999997
9,54=1.2381280000000001
9,55=1.1871245
9,56=1.3100709999999998
9,57=1.2771144999999997
9,58=1.2715245
9,59=1.2836884999999998
9,60=1.3534304999999995
9,61=1.28960575
9,62=1.2767114999999998
9,63=1.3096310000000004
9,64=1.4014474999999993
9,65=1.2688034999999998
9,66=1.39153
9,67=1.5258419999999997
9,68=1.398518
9,69=1.4164379999999999
9,70=1.2844937500000002
9,71=1.5577894999999997
9,72=1.3631444999999998
9,73=1.4864645000000003
9,74=1.5232769999999993
9,75=1.3213770000000002
9,76=1.5484419999999999
9,77=1.6517964999999992
9,78=1.3832430000000002
9,79=1.5149734999999995
9,80=1.3733734999999996
9,81=1.5099334999999998
9,82=1.6094179999999998
9,83=1.3090097499999995
9,84=1.5560264999999995
9,85=1.4666124999999997
9,86=1.6480612499999996
9,87=1.5053174999999996
9,88=1.50762375
9,89=1.4953359999999996
9,90=1.6968924999999992
9,91=1.5712904999999995
9,92=1.6130867499999992
9,93=1.5860242499999997
9,94=1.6727834999999995
9,95=1.7541569999999986
9,96=1.7470880000000002
9,97=1.6998185000000003
9,98=1.9826639999999984
9,99=1.8310240000000009
9,100=1.9084025000000002
9,101=1.8769794999999991
9,102=1.8676224999999986
10,1=1.8459670000000004
10,2=0.8345570000000001
10,3=0.6909030000000002
10,4=0.5773189999999999
10,5=0.39422199999999963
10,6=0.3164034999999996
10,7=0.25916649999999974
10,8=0.2153435
10,9=0.1731645
10,10=0.0
10,11=0.05334399999999975
10,12=0.10217699999999985
10,13=0.2674724999999999
10,14=0.214194
10,15=0.25252900000000006
10,16=0.274906
10,17=0.26351650000000004
10,18=0.28752849999999963
10,19=0.29777400000000004
10,20=0.3528545000000002
10,21=0.3178895000000004
10,22=0.33765349999999994
10,23=0.34236749999999994
10,24=0.34932849999999993
10,25=0.36559049999999976
10,26=0.3617405000000003
10,27=0.5413840000000002
10,28=0.5882795000000001
10,29=0.7577669999999999
10,30=0.9763654999999998
10,31=1.1417069999999998
10,32=1.1823187500000003
10,33=1.3049602500000002
10,34=1.2809564999999998
10,35=1.4216509999999998
10,36=1.3993110000000004
10,37=1.3701139999999996
10,38=1.2867690000000003
10,39=1.3647884999999997
10,40=1.2130779999999997
10,41=1.2375307499999995
10,42=1.0461624999999999
10,43=1.2951340000000005
10,44=1.1787050000000003
10,45=1.3313837499999996
10,46=1.1923869999999996
10,47=1.3483809999999998
10,48=1.2338685000000005
10,49=1.2770730000000001
10,50=1.277977
10,51=1.2561735
10,52=1.2539937499999998
10,53=1.2598255000000003
10,54=1.2770510000000004
10,55=1.2051469999999997
10,56=1.333002
10,57=1.301172
10,58=1.271998
10,59=1.305256
10,60=1.3867529999999997
10,61=1.3047237500000002
10,62=1.2869540000000002
10,63=1.37451875
10,64=1.4360424999999999
10,65=1.2898064999999996
10,66=1.4293299999999998
10,67=1.540718
10,68=1.423971
10,69=1.464153
10,70=1.2754100000000004
10,71=1.5912950000000001
10,72=1.384514
10,73=1.513935
10,74=1.5656545
10,75=1.3286845000000005
10,76=1.6014469999999998
10,77=1.6434899999999995
10,78=1.4166637500000006
10,79=1.595136
10,80=1.3782670000000001
10,81=1.568646
10,82=1.5507239999999998
10,83=1.3732654999999996
10,84=1.6198449999999998
10,85=1.472176
10,86=1.6865294999999998
10,87=1.5895999999999992
10,88=1.55973425
10,89=1.5595350000000006
10,90=1.7200827499999995
10,91=1.6391580000000001
10,92=1.6989402499999993
10,93=1.6381172499999999
10,94=1.7850074999999996
10,95=1.7878174999999992
10,96=1.7745855000000001
10,97=1.7671895000000004
10,98=2.053882499999999
10,99=1.8497160000000006
10,100=1.977435250000001
10,101=1.9691349999999987
10,102=1.8985879999999993
11,1=1.8382420000000006
11,2=0.8390629999999999
11,3=0.6879465000000002
11,4=0.5743625
11,5=0.39562899999999973
11,6=0.32756049999999964
11,7=0.27501349999999974
11,8=0.23459049999999992
11,9=0.18449149999999992
11,10=0.05334399999999975
11,11=0.0
11,12=0.04938499999999976
11,13=0.2368639999999998
11,14=0.18705599999999994
11,15=0.22635600000000006
11,16=0.246799
11,17=0.22195450000000017
11,18=0.2479675
11,19=0.259258
11,20=0.32938100000000015
11,21=0.29316950000000036
11,22=0.31253949999999986
11,23=0.312527
11,24=0.32690849999999994
11,25=0.34681049999999986
11,26=0.3403135000000002
11,27=0.5282725000000001
11,28=0.5869395000000001
11,29=0.7543644999999999
11,30=0.9564889999999999
11,31=1.1388659999999997
11,32=1.18168625
11,33=1.2949767499999998
11,34=1.2812094999999997
11,35=1.4115920000000002
11,36=1.3902275
11,37=1.3624595
11,38=1.2878645000000002
11,39=1.3658074999999998
11,40=1.21967775
11,41=1.2373312499999995
11,42=1.0677634999999999
11,43=1.296656
11,44=1.1889754999999997
11,45=1.3229674999999996
11,46=1.1801024999999998
11,47=1.3408754999999997
11,48=1.2315580000000004
11,49=1.2756960000000002
11,50=1.2696385000000001
11,51=1.2631165000000002
11,52=1.24391425
11,53=1.2700960000000001
11,54=1.2713015000000003
11,55=1.2028524999999997
11,56=1.3233640000000002
11,57=1.2973575000000002
11,58=1.2712009999999998
11,59=1.2951765000000002
11,60=1.3960434999999993
11,61=1.29616425
11,62=1.2913694999999998
11,63=1.3689157500000002
11,64=1.4347254999999994
11,65=1.2940464999999999
11,66=1.4209804999999998
11,67=1.5510950000000001
11,68=1.4154115000000003
11,69=1.4621434999999998
11,70=1.2716700000000007
11,71=1.6001325000000004
11,72=1.3859210000000002
11,73=1.5169605000000002
11,74=1.5615249999999996
11,75=1.3249445000000006
11,76=1.5973175000000004
11,77=1.6590569999999998
11,78=1.4093052500000005
11,79=1.5920215
11,80=1.379235
11,81=1.5752465
11,82=1.584895
11,83=1.3643817499999993
11,84=1.63905725
11,85=1.4713315000000002
11,86=1.6963552499999999
11,87=1.57548
11,88=1.5650047500000004
11,89=1.5705070000000003
11,90=1.7165814999999993
11,91=1.6362182500000002
11,92=1.6879342499999996
11,93=1.61746725
11,94=1.7855274999999997
11,95=1.7896979999999991
11,96=1.7711605000000001
11,97=1.7692145
11,98=2.039811499999999
11,99=1.8548515000000008
11,100=1.9744987500000009
11,101=1.967734999999999
11,102=1.8982194999999993
12,1=1.8339919999999998
12,2=0.8476439999999997
12,3=0.691775
12,4=0.5781909999999997
12,5=0.4030889999999996
12,6=0.34119549999999976
12,7=0.28864849999999986
12,8=0.25541550000000013
12,9=0.20615049999999985
12,10=0.10217699999999985
12,11=0.04938499999999976
12,12=0.0
12,13=0.21881549999999994
12,14=0.1614230000000001
12,15=0.19690800000000036
12,16=0.21334900000000023
12,17=0.1784895000000003
12,18=0.2108445000000001
12,19=0.22338000000000008
12,20=0.3005785000000002
12,21=0.2715105000000006
12,22=0.28309150000000016
12,23=0.28317749999999997
12,24=0.3002325000000001
12,25=0.3250395000000003
12,26=0.31894450000000035
12,27=0.5201820000000003
12,28=0.5849475000000004
12,29=0.7523719999999998
12,30=0.9460564999999996
12,31=1.144259
12,32=1.1926887499999999
12,33=1.2935167499999995
12,34=1.2823794999999998
12,35=1.4021139999999999
12,36=1.385993
12,37=1.3574894999999998
12,38=1.2904412500000002
12,39=1.3654165
12,40=1.2181562499999996
12,41=1.23328375
12,42=1.0943074999999993
12,43=1.2960820000000004
12,44=1.2026649999999999
12,45=1.3157642499999997
12,46=1.1779744999999995
12,47=1.3406314999999998
12,48=1.234378
12,49=1.2787505
12,50=1.2636299999999998
12,51=1.2744870000000001
12,52=1.2424467499999996
12,53=1.284748
12,54=1.2725775
12,55=1.2067694999999996
12,56=1.3293249999999999
12,57=1.3014894999999997
12,58=1.2740404999999997
12,59=1.2892289999999997
12,60=1.409653
12,61=1.2900017499999998
12,62=1.2967015
12,63=1.3615024999999998
12,64=1.4351249999999995
12,65=1.2902889999999996
12,66=1.4133014999999998
12,67=1.5627635
12,68=1.409249
12,69=1.4625429999999997
12,70=1.2762099999999998
12,71=1.5998055
12,72=1.3915055
12,73=1.5204905000000002
12,74=1.5659194999999997
12,75=1.3247845
12,76=1.597717
12,77=1.6761929999999992
12,78=1.4019612500000003
12,79=1.6055710000000003
12,80=1.3830769999999997
12,81=1.5799910000000001
12,82=1.617924
12,83=1.356623
12,84=1.6607865000000002
12,85=1.4615335
12,86=1.7002919999999997
12,87=1.5616799999999997
12,88=1.5745972500000003
12,89=1.579476
12,90=1.7107182499999993
12,91=1.6430075
12,92=1.6766492499999996
12,93=1.60706525
12,94=1.7892249999999994
12,95=1.7960579999999988
12,96=1.7680555
12,97=1.7601710000000002
12,98=2.022707999999999
12,99=1.8688835000000004
12,100=1.972535750000001
12,101=1.9624649999999986
12,102=1.902010499999999
13,1=1.7895149999999993
13,2=0.9262874999999995
13,3=0.644914
13,4=0.5168189999999997
13,5=0.49366899999999947
13,6=0.42566049999999966
13,7=0.37411399999999984
13,8=0.33766850000000037
13,9=0.27715000000000045
13,10=0.2674724999999999
13,11=0.2368639999999998
13,12=0.21881549999999994
13,13=0.0
13,14=0.1153169999999997
13,15=0.14932699999999938
13,16=0.1663459999999996
13,17=0.2531854999999998
13,18=0.2557419999999998
13,19=0.2507454999999998
13,20=0.19281299999999973
13,21=0.23251749999999988
13,22=0.23533199999999965
13,23=0.2722439999999997
13,24=0.3630899999999999
13,25=0.37444249999999973
13,26=0.3911520000000002
13,27=0.4214445
13,28=0.6299925000000001
13,29=0.8168229999999996
13,30=1.0218939999999996
13,31=1.1785249999999998
13,32=1.2804052499999998
13,33=1.36119775
13,34=1.3113664999999994
13,35=1.3988324999999997
13,36=1.3499695000000003
13,37=1.3784864999999997
13,38=1.30261
13,39=1.2989024999999996
13,40=1.2497122499999995
13,41=1.2438132499999999
13,42=1.1081469999999995
13,43=1.2423635000000002
13,44=1.194036
13,45=1.2376414999999996
13,46=1.1308659999999997
13,47=1.3523744999999994
13,48=1.1848334999999999
13,49=1.288354
13,50=1.2087805
13,51=1.297263
13,52=1.1818224999999998
13,53=1.2542972499999998
13,54=1.147621
13,55=1.1725979999999998
13,56=1.3113829999999997
13,57=1.2481429999999998
13,58=1.2714314999999994
13,59=1.2325414999999997
13,60=1.3787859999999998
13,61=1.2515985
13,62=1.2493582499999998
13,63=1.2640275
13,64=1.3607304999999998
13,65=1.2891164999999998
13,66=1.3357724999999996
13,67=1.5203915000000001
13,68=1.3049995
13,69=1.4061567499999998
13,70=1.2847387500000003
13,71=1.5385680000000002
13,72=1.3994852500000001
13,73=1.4325320000000006
13,74=1.5018219999999998
13,75=1.3352765
13,76=1.546075
13,77=1.6519014999999995
13,78=1.3216075000000005
13,79=1.5388200000000005
13,80=1.4193154999999997
13,81=1.538631
13,82=1.6761629999999998
13,83=1.2615844999999997
13,84=1.6113265
13,85=1.477817
13,86=1.6338832500000002
13,87=1.5301135000000001
13,88=1.5449399999999995
13,89=1.5543249999999995
13,90=1.6473612499999992
13,91=1.6669380000000003
13,92=1.6172722499999996
13,93=1.6327174999999996
13,94=1.7732770000000002
13,95=1.7532354999999993
13,96=1.7660850000000003
13,97=1.6927340000000006
13,98=1.9134074999999993
13,99=1.8875920000000006
13,100=1.898400500000001
13,101=1.9383989999999987
13,102=1.8660524999999992
14,1=1.8518705
14,2=0.8845069999999997
14,3=0.7184115
14,4=0.6048274999999997
14,5=0.44051099999999954
14,6=0.37995749999999967
14,7=0.3274104999999998
14,8=0.29787749999999996
14,9=0.23844350000000003
14,10=0.214194
14,11=0.18705599999999994
14,12=0.1614230000000001
14,13=0.1153169999999997
14,14=0.0
14,15=0.045704999999999746
14,16=0.07393699999999995
14,17=0.17126249999999982
14,18=0.19052949999999952
14,19=0.195726
14,20=0.1933500000000002
14,21=0.17300449999999995
14,22=0.1757645000000001
14,23=0.2740519999999999
14,24=0.2968574999999999
14,25=0.3144634999999998
14,26=0.3406642500000003
14,27=0.4632545000000001
14,28=0.5812475000000001
14,29=0.7686455
14,30=1.0250699999999995
14,31=1.166991
14,32=1.2730972500000002
14,33=1.3491917499999997
14,34=1.3086504999999997
14,35=1.4073295
14,36=1.3713055
14,37=1.382168
14,38=1.3282555
14,39=1.3279270000000003
14,40=1.26310375
14,41=1.2106462499999997
14,42=1.1227709999999995
14,43=1.2790314999999999
14,44=1.2287824999999999
14,45=1.2662214999999994
14,46=1.171473
14,47=1.3754634999999997
14,48=1.2248490000000003
14,49=1.2924155000000002
14,50=1.2409590000000001
14,51=1.3118220000000003
14,52=1.2146725
14,53=1.2893052500000002
14,54=1.1861640000000002
14,55=1.2134694999999998
14,56=1.344925
14,57=1.2871245
14,58=1.273078
14,59=1.2664075
14,60=1.4136234999999997
14,61=1.2927
14,62=1.2847687500000005
14,63=1.311022
14,64=1.3940565
14,65=1.297797
14,66=1.3769334999999998
14,67=1.54814
14,68=1.3357085000000004
14,69=1.4422407499999998
14,70=1.2910310000000003
14,71=1.5781800000000001
14,72=1.4066587500000005
14,73=1.4588650000000003
14,74=1.5456944999999993
14,75=1.3380780000000003
14,76=1.5920604999999997
14,77=1.6855724999999997
14,78=1.3228540000000006
14,79=1.5863735
14,80=1.4283044999999999
14,81=1.5804660000000004
14,82=1.6676895
14,83=1.2660527499999994
14,84=1.6496439999999999
14,85=1.4903575
14,86=1.6661132500000002
14,87=1.566906
14,88=1.5713477499999997
14,89=1.5405335
14,90=1.6823567499999994
14,91=1.6868329999999998
14,92=1.6419777499999997
14,93=1.6404732499999999
14,94=1.7857484999999995
14,95=1.7883704999999996
14,96=1.78784075
14,97=1.7174395000000002
14,98=2.006421999999999
14,99=1.8981025000000002
14,100=1.934034000000001
14,101=1.9450564999999984
14,102=1.8339109999999996
15,1=1.8613790000000001
15,2=0.913441
15,3=0.7374015000000002
15,4=0.6238174999999999
15,5=0.4686419999999999
15,6=0.40729749999999965
15,7=0.35518749999999977
15,8=0.3317915
15,9=0.2812834999999999
15,10=0.25252900000000006
15,11=0.22635600000000006
15,12=0.19690800000000036
15,13=0.14932699999999938
15,14=0.045704999999999746
15,15=0.0
15,16=0.034820000000000295
15,17=0.14792599999999967
15,18=0.16946199999999978
15,19=0.1799740000000002
15,20=0.17885100000000026
15,21=0.1524970000000001
15,22=0.1598055000000002
15,23=0.2629979999999999
15,24=0.2871845000000001
15,25=0.3072264999999998
15,26=0.33723975000000045
15,27=0.4727785000000002
15,28=0.5962317500000003
15,29=0.7894320000000001
15,30=1.0405749999999996
15,31=1.1912249999999998
15,32=1.3008647500000001
15,33=1.3688709999999995
15,34=1.3231914999999999
15,35=1.4154242499999996
15,36=1.3871289999999996
15,37=1.38972675
15,38=1.34192175
15,39=1.3346229999999997
15,40=1.2805149999999998
15,41=1.2267297499999996
15,42=1.1476659999999996
15,43=1.2903724999999997
15,44=1.245435
15,45=1.2817649999999992
15,46=1.1923154999999999
15,47=1.3834844999999996
15,48=1.2434865
15,49=1.301199
15,50=1.2476949999999998
15,51=1.3279082500000001
15,52=1.2218434999999996
15,53=1.30552275
15,54=1.2010399999999994
15,55=1.2317719999999999
15,56=1.3527684999999996
15,57=1.3037769999999997
15,58=1.2816139999999998
15,59=1.2735784999999997
15,60=1.4319259999999998
15,61=1.3041584999999998
15,62=1.3002712500000002
15,63=1.3252729999999995
15,64=1.4035799999999998
15,65=1.3060904999999998
15,66=1.3897069999999996
15,67=1.5541609999999997
15,68=1.3445944999999995
15,69=1.4577432499999998
15,70=1.3006844999999998
15,71=1.5888684999999998
15,72=1.41703725
15,73=1.462061
15,74=1.5679494999999992
15,75=1.3462540000000005
15,76=1.6134055000000003
15,77=1.6833074999999993
15,78=1.3372674999999998
15,79=1.610106
15,80=1.4391179999999997
15,81=1.6006359999999997
15,82=1.6928454999999998
15,83=1.2730307499999989
15,84=1.661321
15,85=1.5013085
15,86=1.6760192499999997
15,87=1.5808994999999997
15,88=1.58321625
15,89=1.5632659999999996
15,90=1.6954927499999994
15,91=1.7085917499999994
15,92=1.6588262499999993
15,93=1.6628482499999993
15,94=1.8020044999999993
15,95=1.796381499999999
15,96=1.7864787500000001
15,97=1.7339879999999996
15,98=2.030914499999999
15,99=1.9092960000000003
15,100=1.9519687500000003
15,101=1.9573424999999978
15,102=1.8426614999999995
16,1=1.8596579999999998
16,2=0.9205469999999997
16,3=0.7407265
16,4=0.6271424999999997
16,5=0.4760409999999996
16,6=0.41750549999999975
16,7=0.36612349999999994
16,8=0.3444785
16,9=0.3010855000000001
16,10=0.274906
16,11=0.246799
16,12=0.21334900000000023
16,13=0.1663459999999996
16,14=0.07393699999999995
16,15=0.034820000000000295
16,16=0.0
16,17=0.1262309999999998
16,18=0.15480099999999986
16,19=0.16888500000000006
16,20=0.16643499999999983
16,21=0.13855699999999999
16,22=0.15263649999999984
16,23=0.2562389999999996
16,24=0.2919574999999999
16,25=0.3068004999999998
16,26=0.3408145000000004
16,27=0.4773615
16,28=0.6086905000000001
16,29=0.8062559999999999
16,30=1.0486079999999993
16,31=1.2006199999999994
16,32=1.3154582499999998
16,33=1.3794127499999993
16,34=1.329024
16,35=1.4124404999999998
16,36=1.4008460000000003
16,37=1.3847289999999997
16,38=1.3431279999999997
16,39=1.3352464999999993
16,40=1.2821072499999997
16,41=1.2410192499999995
16,42=1.155943
16,43=1.299864
16,44=1.2555124999999996
16,45=1.2935854999999994
16,46=1.2022239999999997
16,47=1.3899459999999995
16,48=1.251135
16,49=1.3067559999999996
16,50=1.2523564999999999
16,51=1.3255774999999999
16,52=1.2305349999999997
16,53=1.31590775
16,54=1.2153514999999997
16,55=1.2435694999999993
16,56=1.3594049999999995
16,57=1.3138544999999997
16,58=1.2883559999999994
16,59=1.2786099999999996
16,60=1.4437234999999995
16,61=1.3135149999999993
16,62=1.3108737499999998
16,63=1.3377844999999995
16,64=1.4120024999999994
16,65=1.3031594999999998
16,66=1.4005934999999994
16,67=1.5582124999999998
16,68=1.3511859999999998
16,69=1.4668407499999998
16,70=1.3068587500000002
16,71=1.597525
16,72=1.4227072500000002
16,73=1.4686525000000004
16,74=1.5838819999999993
16,75=1.3516762500000001
16,76=1.6241975000000006
16,77=1.6882379999999997
16,78=1.3524245000000001
16,79=1.6276635
16,80=1.4474549999999997
16,81=1.6139172499999996
16,82=1.706631
16,83=1.2811164999999993
16,84=1.6679125
16,85=1.5066885
16,86=1.6858317499999995
16,87=1.5840795
16,88=1.5939335000000003
16,89=1.5674857500000003
16,90=1.7023452499999991
16,91=1.710381
16,92=1.6637752499999996
16,93=1.6712272499999998
16,94=1.8061657499999995
16,95=1.795670499999999
16,96=1.7805947500000001
16,97=1.7396369999999997
16,98=2.0445434999999987
16,99=1.9146
16,100=1.9656712500000006
16,101=1.9581574999999984
16,102=1.8414104999999998
17,1=1.8648625
17,2=0.9252249999999996
17,3=0.7491670000000001
17,4=0.6355829999999997
17,5=0.4852524999999996
17,6=0.4268429999999996
17,7=0.3883859999999996
17,8=0.372414
17,9=0.3377809999999999
17,10=0.26351650000000004
17,11=0.22195450000000017
17,12=0.1784895000000003
17,13=0.2531854999999998
17,14=0.17126249999999982
17,15=0.14792599999999967
17,16=0.1262309999999998
17,17=0.0
17,18=0.04908599999999963
17,19=0.09911199999999998
17,20=0.22567149999999986
17,21=0.18685900000000033
17,22=0.20249499999999965
17,23=0.19752849999999994
17,24=0.22338099999999977
17,25=0.25174699999999983
17,26=0.2885800000000002
17,27=0.545106
17,28=0.616843
17,29=0.815259
17,30=0.9887824999999999
17,31=1.1887745
17,32=1.2914602499999996
17,33=1.3705389999999995
17,34=1.3351254999999997
17,35=1.42074825
17,36=1.4287325000000002
17,37=1.3737957499999998
17,38=1.3202212500000001
17,39=1.3672699999999995
17,40=1.2593119999999995
17,41=1.2778657499999997
17,42=1.1640119999999996
17,43=1.324966
17,44=1.268393
17,45=1.3490709999999995
17,46=1.2324699999999997
17,47=1.3950255
17,48=1.278771
17,49=1.3156945000000002
17,50=1.28342
17,51=1.3368212499999998
17,52=1.2627269999999995
17,53=1.3342134999999997
17,54=1.2900734999999999
17,55=1.2748125
17,56=1.3716419999999996
17,57=1.3499457499999998
17,58=1.300147
17,59=1.3144619999999998
17,60=1.4616114999999996
17,61=1.3318902499999998
17,62=1.346937
17,63=1.3909515
17,64=1.4509434999999995
17,65=1.3153969999999995
17,66=1.4316855
17,67=1.59278
17,68=1.4355979999999997
17,69=1.5157509999999998
17,70=1.3201680000000002
17,71=1.6291095000000004
17,72=1.443357
17,73=1.5573145000000004
17,74=1.618325
17,75=1.3577925
17,76=1.6462815000000002
17,77=1.7208945
17,78=1.4312530000000008
17,79=1.6662165000000004
17,80=1.436421
17,81=1.6482232499999998
17,82=1.7246840000000003
17,83=1.3652904999999995
17,84=1.7088744999999999
17,85=1.5039275
17,86=1.7169647500000003
17,87=1.6098429999999995
17,88=1.6233255
17,89=1.62497475
17,90=1.7350002499999997
17,91=1.7128557500000001
17,92=1.7112947499999995
17,93=1.6984937499999997
17,94=1.83154625
17,95=1.8258959999999989
17,96=1.78323775
17,97=1.7929215000000003
17,98=2.088240999999999
17,99=1.9252435000000008
17,100=2.00507425
17,101=1.9803949999999984
17,102=1.9114525000000002
18,1=1.8609549999999997
18,2=0.9436407499999998
18,3=0.7512015000000002
18,4=0.6376174999999998
18,5=0.5066084999999998
18,6=0.44578499999999993
18,7=0.4093289999999999
18,8=0.38753300000000035
18,9=0.3552050000000002
18,10=0.28752849999999963
18,11=0.2479675
18,12=0.2108445000000001
18,13=0.2557419999999998
18,14=0.19052949999999952
18,15=0.16946199999999978
18,16=0.15480099999999986
18,17=0.04908599999999963
18,18=0.0
18,19=0.06290900000000021
18,20=0.22238599999999958
18,21=0.1811090000000002
18,22=0.17812499999999976
18,23=0.1847249999999997
18,24=0.19981200000000032
18,25=0.23111100000000018
18,26=0.26660750000000055
18,27=0.5415765
18,28=0.6132215000000004
18,29=0.8135205000000003
18,30=0.9945829999999998
18,31=1.1659410000000001
18,32=1.28020125
18,33=1.3569609999999996
18,34=1.3431945
18,35=1.41308225
18,36=1.410076
18,37=1.3662392500000002
18,38=1.32050375
18,39=1.3578759999999999
18,40=1.257588
18,41=1.27523975
18,42=1.1727469999999998
18,43=1.3099224999999999
18,44=1.2640794999999998
18,45=1.3383677499999993
18,46=1.2291379999999998
18,47=1.3823395
18,48=1.2756290000000003
18,49=1.302008
18,50=1.272505
18,51=1.3330552500000001
18,52=1.2484435
18,53=1.326562
18,54=1.2757900000000002
18,55=1.266781
18,56=1.3580485000000002
18,57=1.3446010000000002
18,58=1.2866504999999997
