1,1 = 0.000000
1,2 = 0.583000
1,3 = 0.378000
1,4 = 0.338000
1,5 = 0.693000
1,6 = 0.603000
1,7 = 0.376000
1,8 = 0.425000
1,9 = 0.302000
1,10 = 0.989000
1,11 = 0.979000
1,12 = 0.869000
1,13 = 1.333000
1,14 = 1.157000
1,15 = 1.126000
1,16 = 1.032000
1,17 = 0.962000
1,18 = 1.017000
1,19 = 1.093000
1,20 = 1.028000
1,21 = 1.035000
1,22 = 1.182000
1,23 = 0.951000
1,24 = 1.021000
1,25 = 1.040000
1,26 = 1.178000
1,27 = 1.062000
1,28 = 1.061000
1,29 = 1.291000
1,30 = 1.131000
1,31 = 0.893000
1,32 = 1.033000
1,33 = 1.003000
1,34 = 0.834000
1,35 = 1.210000
1,36 = 1.014000
1,37 = 0.872000
1,38 = 1.190000
1,39 = 1.177000
1,40 = 0.963000
1,41 = 0.849000
1,42 = 1.186000
1,43 = 0.932000
1,44 = 1.055000
1,45 = 1.046000
1,46 = 1.088000
1,47 = 1.063000
1,48 = 1.215000
1,49 = 1.058000
1,50 = 1.105000
1,51 = 1.003000
1,52 = 1.071000
1,53 = 1.224000
1,54 = 1.071000
1,55 = 1.166000
1,56 = 0.995000
1,57 = 1.043000
1,58 = 0.931000
1,59 = 1.010000
1,60 = 1.111000
1,61 = 0.979000
1,62 = 1.061000
1,63 = 1.090000
1,64 = 0.965000
1,65 = 1.063000
1,66 = 1.029000
1,67 = 1.008000
1,68 = 0.778000
1,69 = 1.034000
1,70 = 0.945000
1,71 = 0.882000
1,72 = 1.085000
1,73 = 1.394000
1,74 = 1.023000
1,75 = 0.980000
1,76 = 1.050000
1,77 = 1.178000
1,78 = 0.916000
1,79 = 1.095000
1,80 = 1.108000
1,81 = 0.969000
1,82 = 1.063000
1,83 = 1.087000
1,84 = 1.091000
1,85 = 1.045000
1,86 = 1.007000
1,87 = 1.106000
1,88 = 1.027000
1,89 = 0.971000
1,90 = 0.958000
1,91 = 1.028000
1,92 = 0.945000
1,93 = 1.032000
1,94 = 0.998000
1,95 = 1.142000
1,96 = 0.886000
1,97 = 0.975000
1,98 = 1.081000
1,99 = 0.858000
1,100 = 0.383000
1,101 = 0.509000
1,102 = 0.477000
1,103 = 0.703000
1,104 = 0.554000
1,105 = 0.694000
1,106 = 0.371000
1,107 = 1.048000
1,108 = 1.027000
1,109 = 1.026000
1,110 = 1.066000
1,111 = 1.004000
1,112 = 1.120000
1,113 = 1.012000
1,114 = 0.933000
1,115 = 0.992000
1,116 = 1.006000
1,117 = 1.014000
1,118 = 1.038000
1,119 = 1.059000
1,120 = 1.139000
1,121 = 1.113000
1,122 = 1.111000
1,123 = 1.062000
1,124 = 0.892000
1,125 = 1.064000
1,126 = 0.947000
1,127 = 1.028000
1,128 = 1.099000
1,129 = 0.942000
1,130 = 1.024000
1,131 = 0.882000
1,132 = 1.086000
1,133 = 0.891000
2,1 = 0.583000
2,2 = 0.000000
2,3 = 0.597000
2,4 = 0.548000
2,5 = 0.484000
2,6 = 0.289000
2,7 = 0.582000
2,8 = 0.672000
2,9 = 0.531000
2,10 = 0.773000
2,11 = 0.732000
2,12 = 0.720000
2,13 = 1.139000
2,14 = 0.993000
2,15 = 1.012000
2,16 = 0.918000
2,17 = 0.760000
2,18 = 0.922000
2,19 = 0.903000
2,20 = 0.875000
2,21 = 0.908000
2,22 = 1.069000
2,23 = 0.725000
2,24 = 1.024000
2,25 = 0.970000
2,26 = 1.165000
2,27 = 1.018000
2,28 = 1.047000
2,29 = 1.308000
2,30 = 0.928000
2,31 = 0.802000
2,32 = 0.714000
2,33 = 0.969000
2,34 = 0.796000
2,35 = 0.940000
2,36 = 0.714000
2,37 = 0.874000
2,38 = 0.909000
2,39 = 0.960000
2,40 = 0.839000
2,41 = 0.662000
2,42 = 0.991000
2,43 = 0.865000
2,44 = 1.063000
2,45 = 0.872000
2,46 = 0.845000
2,47 = 0.978000
2,48 = 0.986000
2,49 = 0.919000
2,50 = 0.874000
2,51 = 0.850000
2,52 = 0.771000
2,53 = 1.025000
2,54 = 0.967000
2,55 = 0.894000
2,56 = 0.937000
2,57 = 0.989000
2,58 = 0.900000
2,59 = 0.802000
2,60 = 1.041000
2,61 = 0.860000
2,62 = 0.997000
2,63 = 0.992000
2,64 = 0.891000
2,65 = 0.990000
2,66 = 0.868000
2,67 = 0.912000
2,68 = 0.825000
2,69 = 0.873000
2,70 = 0.835000
2,71 = 0.747000
2,72 = 0.985000
2,73 = 1.164000
2,74 = 0.935000
2,75 = 0.949000
2,76 = 0.978000
2,77 = 0.936000
2,78 = 0.832000
2,79 = 1.079000
2,80 = 0.857000
2,81 = 1.070000
2,82 = 0.953000
2,83 = 0.960000
2,84 = 0.885000
2,85 = 0.908000
2,86 = 0.965000
2,87 = 1.005000
2,88 = 0.865000
2,89 = 0.901000
2,90 = 0.729000
2,91 = 0.952000
2,92 = 0.956000
2,93 = 0.853000
2,94 = 0.983000
2,95 = 1.064000
2,96 = 0.855000
2,97 = 0.800000
2,98 = 1.007000
2,99 = 0.977000
2,100 = 0.622000
2,101 = 0.587000
2,102 = 0.678000
2,103 = 0.489000
2,104 = 0.626000
2,105 = 0.657000
2,106 = 0.700000
2,107 = 0.836000
2,108 = 1.023000
2,109 = 0.979000
2,110 = 1.112000
2,111 = 0.781000
2,112 = 1.116000
2,113 = 0.887000
2,114 = 0.695000
2,115 = 0.969000
2,116 = 0.807000
2,117 = 0.728000
2,118 = 0.958000
2,119 = 1.087000
2,120 = 1.102000
2,121 = 1.198000
2,122 = 0.980000
2,123 = 1.081000
2,124 = 0.678000
2,125 = 1.042000
2,126 = 0.681000
2,127 = 0.935000
2,128 = 0.911000
2,129 = 0.720000
2,130 = 0.765000
2,131 = 0.661000
2,132 = 0.794000
2,133 = 0.699000
3,1 = 0.378000
3,2 = 0.597000
3,3 = 0.000000
3,4 = 0.405000
3,5 = 0.565000
3,6 = 0.631000
3,7 = 0.137000
3,8 = 0.390000
3,9 = 0.255000
3,10 = 0.982000
3,11 = 0.987000
3,12 = 0.952000
3,13 = 1.284000
3,14 = 1.150000
3,15 = 1.098000
3,16 = 1.023000
3,17 = 0.910000
3,18 = 1.028000
3,19 = 1.051000
3,20 = 0.995000
3,21 = 1.010000
3,22 = 1.089000
3,23 = 0.894000
3,24 = 1.038000
3,25 = 0.997000
3,26 = 1.145000
3,27 = 1.089000
3,28 = 0.994000
3,29 = 1.219000
3,30 = 1.077000
3,31 = 0.846000
3,32 = 1.030000
3,33 = 0.867000
3,34 = 0.711000
3,35 = 1.162000
3,36 = 0.921000
3,37 = 0.796000
3,38 = 1.165000
3,39 = 1.100000
3,40 = 0.891000
3,41 = 0.738000
3,42 = 1.153000
3,43 = 0.974000
3,44 = 1.048000
3,45 = 0.997000
3,46 = 1.059000
3,47 = 1.014000
3,48 = 1.139000
3,49 = 1.050000
3,50 = 1.060000
3,51 = 0.987000
3,52 = 1.038000
3,53 = 1.174000
3,54 = 1.044000
3,55 = 1.143000
3,56 = 0.995000
3,57 = 1.007000
3,58 = 0.968000
3,59 = 0.982000
3,60 = 1.116000
3,61 = 0.942000
3,62 = 0.975000
3,63 = 0.930000
3,64 = 0.808000
3,65 = 0.923000
3,66 = 0.892000
3,67 = 0.866000
3,68 = 0.694000
3,69 = 0.919000
3,70 = 0.815000
3,71 = 0.783000
3,72 = 0.966000
3,73 = 1.284000
3,74 = 0.864000
3,75 = 0.832000
3,76 = 0.902000
3,77 = 1.069000
3,78 = 0.784000
3,79 = 1.021000
3,80 = 1.057000
3,81 = 1.027000
3,82 = 1.032000
3,83 = 1.033000
3,84 = 1.060000
3,85 = 1.009000
3,86 = 1.023000
3,87 = 1.072000
3,88 = 0.970000
3,89 = 0.981000
3,90 = 0.903000
3,91 = 1.057000
3,92 = 1.003000
3,93 = 0.983000
3,94 = 1.007000
3,95 = 1.103000
3,96 = 0.846000
3,97 = 0.951000
3,98 = 1.083000
3,99 = 0.951000
3,100 = 0.454000
3,101 = 0.460000
3,102 = 0.514000
3,103 = 0.742000
3,104 = 0.516000
3,105 = 0.671000
3,106 = 0.519000
3,107 = 0.993000
3,108 = 1.061000
3,109 = 1.046000
3,110 = 1.086000
3,111 = 0.957000
3,112 = 1.105000
3,113 = 1.004000
3,114 = 0.911000
3,115 = 0.993000
3,116 = 0.959000
3,117 = 0.945000
3,118 = 1.025000
3,119 = 1.050000
3,120 = 1.170000
3,121 = 1.041000
3,122 = 1.071000
3,123 = 1.043000
3,124 = 0.851000
3,125 = 1.095000
3,126 = 0.878000
3,127 = 1.037000
3,128 = 1.051000
3,129 = 0.887000
3,130 = 0.964000
3,131 = 0.735000
3,132 = 0.938000
3,133 = 0.776000
4,1 = 0.338000
4,2 = 0.548000
4,3 = 0.405000
4,4 = 0.000000
4,5 = 0.680000
4,6 = 0.530000
4,7 = 0.401000
4,8 = 0.370000
4,9 = 0.300000
4,10 = 0.874000
4,11 = 0.864000
4,12 = 0.812000
4,13 = 1.260000
4,14 = 1.055000
4,15 = 1.003000
4,16 = 0.904000
4,17 = 0.901000
4,18 = 0.910000
4,19 = 1.031000
4,20 = 0.973000
4,21 = 0.894000
4,22 = 1.061000
4,23 = 0.886000
4,24 = 0.964000
4,25 = 0.954000
4,26 = 1.083000
4,27 = 0.982000
4,28 = 0.984000
4,29 = 1.205000
4,30 = 1.043000
4,31 = 0.761000
4,32 = 0.954000
4,33 = 0.936000
4,34 = 0.744000
4,35 = 1.084000
4,36 = 0.857000
4,37 = 0.780000
4,38 = 1.070000
4,39 = 1.041000
4,40 = 0.810000
4,41 = 0.708000
4,42 = 1.075000
4,43 = 0.954000
4,44 = 1.005000
4,45 = 0.961000
4,46 = 0.978000
4,47 = 1.002000
4,48 = 1.120000
4,49 = 1.038000
4,50 = 1.014000
4,51 = 0.964000
4,52 = 0.955000
4,53 = 1.086000
4,54 = 0.986000
4,55 = 1.089000
4,56 = 0.971000
4,57 = 0.976000
4,58 = 0.948000
4,59 = 0.890000
4,60 = 1.060000
4,61 = 0.825000
4,62 = 0.968000
4,63 = 1.010000
4,64 = 0.834000
4,65 = 0.970000
4,66 = 0.899000
4,67 = 0.932000
4,68 = 0.644000
4,69 = 0.902000
4,70 = 0.814000
4,71 = 0.751000
4,72 = 0.946000
4,73 = 1.301000
4,74 = 0.971000
4,75 = 0.915000
4,76 = 0.961000
4,77 = 1.097000
4,78 = 0.785000
4,79 = 1.002000
4,80 = 1.044000
4,81 = 0.928000
4,82 = 1.013000
4,83 = 1.010000
4,84 = 1.036000
4,85 = 0.988000
4,86 = 0.964000
4,87 = 1.050000
4,88 = 0.961000
4,89 = 0.909000
4,90 = 0.888000
4,91 = 0.897000
4,92 = 0.873000
4,93 = 0.966000
4,94 = 0.942000
4,95 = 1.075000
4,96 = 0.814000
4,97 = 0.930000
4,98 = 1.028000
4,99 = 0.822000
4,100 = 0.377000
4,101 = 0.475000
4,102 = 0.412000
4,103 = 0.702000
4,104 = 0.517000
4,105 = 0.574000
4,106 = 0.484000
4,107 = 0.983000
4,108 = 0.976000
4,109 = 0.941000
4,110 = 1.017000
4,111 = 0.937000
4,112 = 1.043000
4,113 = 0.892000
4,114 = 0.897000
4,115 = 0.943000
4,116 = 0.931000
4,117 = 0.931000
4,118 = 0.989000
4,119 = 1.007000
4,120 = 1.112000
4,121 = 0.995000
4,122 = 1.047000
4,123 = 1.017000
4,124 = 0.824000
4,125 = 0.984000
4,126 = 0.874000
4,127 = 0.911000
4,128 = 1.031000
4,129 = 0.864000
4,130 = 0.957000
4,131 = 0.855000
4,132 = 0.993000
4,133 = 0.845000
5,1 = 0.693000
5,2 = 0.484000
5,3 = 0.565000
5,4 = 0.680000
5,5 = 0.000000
5,6 = 0.367000
5,7 = 0.604000
5,8 = 0.624000
5,9 = 0.594000
5,10 = 0.833000
5,11 = 0.826000
5,12 = 0.869000
5,13 = 1.112000
5,14 = 1.069000
5,15 = 0.882000
5,16 = 1.001000
5,17 = 0.822000
5,18 = 1.001000
5,19 = 0.949000
5,20 = 0.939000
5,21 = 0.983000
5,22 = 1.021000
5,23 = 0.794000
5,24 = 0.917000
5,25 = 0.892000
5,26 = 1.089000
5,27 = 1.085000
5,28 = 1.029000
5,29 = 1.230000
5,30 = 0.955000
5,31 = 0.861000
5,32 = 0.844000
5,33 = 0.808000
5,34 = 0.696000
5,35 = 1.028000
5,36 = 0.759000
5,37 = 0.864000
5,38 = 1.018000
5,39 = 1.019000
5,40 = 0.880000
5,41 = 0.707000
5,42 = 1.051000
5,43 = 0.917000
5,44 = 1.066000
5,45 = 0.894000
5,46 = 0.889000
5,47 = 0.987000
5,48 = 0.913000
5,49 = 0.962000
5,50 = 0.902000
5,51 = 0.834000
5,52 = 0.863000
5,53 = 1.062000
5,54 = 0.950000
5,55 = 1.001000
5,56 = 0.943000
5,57 = 1.014000
5,58 = 0.942000
5,59 = 0.846000
5,60 = 0.971000
5,61 = 0.939000
5,62 = 1.018000
5,63 = 0.839000
5,64 = 0.811000
5,65 = 0.839000
5,66 = 0.881000
5,67 = 0.758000
5,68 = 0.774000
5,69 = 0.861000
5,70 = 0.774000
5,71 = 0.766000
5,72 = 0.894000
5,73 = 1.018000
5,74 = 0.791000
5,75 = 0.783000
5,76 = 0.816000
5,77 = 0.774000
5,78 = 0.768000
5,79 = 0.996000
5,80 = 0.919000
5,81 = 1.022000
5,82 = 0.831000
5,83 = 0.975000
5,84 = 0.953000
5,85 = 0.953000
5,86 = 0.980000
5,87 = 0.866000
5,88 = 0.740000
5,89 = 0.952000
5,90 = 0.786000
5,91 = 1.033000
5,92 = 1.016000
5,93 = 0.739000
5,94 = 0.894000
5,95 = 1.088000
5,96 = 0.854000
5,97 = 0.871000
5,98 = 0.900000
5,99 = 1.061000
5,100 = 0.716000
5,101 = 0.549000
5,102 = 0.730000
5,103 = 0.607000
5,104 = 0.611000
5,105 = 0.714000
5,106 = 0.830000
5,107 = 0.902000
5,108 = 0.943000
5,109 = 1.079000
5,110 = 1.024000
5,111 = 0.830000
5,112 = 1.075000
5,113 = 0.987000
5,114 = 0.805000
5,115 = 0.879000
5,116 = 0.863000
5,117 = 0.803000
5,118 = 0.951000
5,119 = 1.084000
5,120 = 0.984000
5,121 = 1.114000
5,122 = 0.878000
5,123 = 1.026000
5,124 = 0.726000
5,125 = 1.118000
5,126 = 0.756000
5,127 = 1.021000
5,128 = 0.958000
5,129 = 0.767000
5,130 = 0.828000
5,131 = 0.558000
5,132 = 0.528000
5,133 = 0.634000
6,1 = 0.603000
6,2 = 0.289000
6,3 = 0.631000
6,4 = 0.530000
6,5 = 0.367000
6,6 = 0.000000
6,7 = 0.640000
6,8 = 0.670000
6,9 = 0.610000
6,10 = 0.809000
6,11 = 0.792000
6,12 = 0.788000
6,13 = 1.191000
6,14 = 1.041000
6,15 = 1.015000
6,16 = 0.940000
6,17 = 0.846000
6,18 = 0.944000
6,19 = 0.955000
6,20 = 0.932000
6,21 = 0.927000
6,22 = 1.032000
6,23 = 0.798000
6,24 = 0.927000
6,25 = 0.884000
6,26 = 1.148000
6,27 = 1.031000
6,28 = 1.026000
6,29 = 1.287000
6,30 = 0.974000
6,31 = 0.801000
6,32 = 0.803000
6,33 = 0.973000
6,34 = 0.820000
6,35 = 0.991000
6,36 = 0.747000
6,37 = 0.896000
6,38 = 0.971000
6,39 = 0.996000
6,40 = 0.848000
6,41 = 0.725000
6,42 = 1.041000
6,43 = 0.853000
6,44 = 1.065000
6,45 = 0.863000
6,46 = 0.886000
6,47 = 0.956000
6,48 = 0.967000
6,49 = 0.909000
6,50 = 0.915000
6,51 = 0.870000
6,52 = 0.849000
6,53 = 1.071000
6,54 = 0.970000
6,55 = 0.984000
6,56 = 0.915000
6,57 = 0.993000
6,58 = 0.888000
6,59 = 0.843000
6,60 = 1.055000
6,61 = 0.881000
6,62 = 1.010000
6,63 = 1.003000
6,64 = 0.911000
6,65 = 0.975000
6,66 = 0.867000
6,67 = 0.901000
6,68 = 0.810000
6,69 = 0.872000
6,70 = 0.851000
6,71 = 0.757000
6,72 = 0.992000
6,73 = 1.174000
6,74 = 0.992000
6,75 = 0.968000
6,76 = 0.961000
6,77 = 0.881000
6,78 = 0.843000
6,79 = 1.063000
6,80 = 0.912000
6,81 = 1.035000
6,82 = 0.850000
6,83 = 1.002000
6,84 = 0.958000
6,85 = 0.959000
6,86 = 1.006000
6,87 = 0.923000
6,88 = 0.741000
6,89 = 0.934000
6,90 = 0.810000
6,91 = 0.954000
6,92 = 0.955000
6,93 = 0.740000
6,94 = 0.901000
6,95 = 1.101000
6,96 = 0.840000
6,97 = 0.873000
6,98 = 0.928000
6,99 = 1.008000
6,100 = 0.672000
6,101 = 0.632000
6,102 = 0.709000
6,103 = 0.592000
6,104 = 0.677000
6,105 = 0.619000
6,106 = 0.758000
6,107 = 0.906000
6,108 = 0.934000
6,109 = 1.025000
6,110 = 1.059000
6,111 = 0.863000
6,112 = 1.105000
6,113 = 0.927000
6,114 = 0.795000
6,115 = 0.882000
6,116 = 0.892000
6,117 = 0.808000
6,118 = 0.912000
6,119 = 1.073000
6,120 = 1.011000
6,121 = 1.160000
6,122 = 0.891000
6,123 = 1.044000
6,124 = 0.763000
6,125 = 1.058000
6,126 = 0.762000
6,127 = 0.958000
6,128 = 0.968000
6,129 = 0.785000
6,130 = 0.846000
6,131 = 0.725000
6,132 = 0.734000
6,133 = 0.717000
7,1 = 0.376000
7,2 = 0.582000
7,3 = 0.137000
7,4 = 0.401000
7,5 = 0.604000
7,6 = 0.640000
7,7 = 0.000000
7,8 = 0.376000
7,9 = 0.221000
7,10 = 0.997000
7,11 = 1.004000
7,12 = 0.948000
7,13 = 1.314000
7,14 = 1.156000
7,15 = 1.120000
7,16 = 1.049000
7,17 = 0.941000
7,18 = 1.054000
7,19 = 1.070000
7,20 = 1.006000
7,21 = 1.036000
7,22 = 1.131000
7,23 = 0.899000
7,24 = 1.053000
7,25 = 1.013000
7,26 = 1.179000
7,27 = 1.104000
7,28 = 1.026000
7,29 = 1.232000
7,30 = 1.093000
7,31 = 0.871000
7,32 = 1.029000
7,33 = 0.863000
7,34 = 0.759000
7,35 = 1.197000
7,36 = 0.930000
7,37 = 0.836000
7,38 = 1.200000
7,39 = 1.122000
7,40 = 0.892000
7,41 = 0.737000
7,42 = 1.174000
7,43 = 1.013000
7,44 = 1.076000
7,45 = 1.006000
7,46 = 1.082000
7,47 = 1.045000
7,48 = 1.170000
7,49 = 1.088000
7,50 = 1.095000
7,51 = 0.995000
7,52 = 1.052000
7,53 = 1.188000
7,54 = 1.066000
7,55 = 1.171000
7,56 = 1.015000
7,57 = 1.046000
7,58 = 1.001000
7,59 = 1.008000
7,60 = 1.113000
7,61 = 0.968000
7,62 = 1.004000
7,63 = 0.945000
7,64 = 0.842000
7,65 = 0.938000
7,66 = 0.898000
7,67 = 0.881000
7,68 = 0.729000
7,69 = 0.925000
7,70 = 0.832000
7,71 = 0.780000
7,72 = 1.000000
7,73 = 1.327000
7,74 = 0.880000
7,75 = 0.876000
7,76 = 0.941000
7,77 = 1.118000
7,78 = 0.818000
7,79 = 1.061000
7,80 = 1.073000
7,81 = 1.022000
7,82 = 1.038000
7,83 = 1.047000
7,84 = 1.076000
7,85 = 1.030000
7,86 = 1.025000
7,87 = 1.091000
7,88 = 0.989000
7,89 = 0.988000
7,90 = 0.932000
7,91 = 1.082000
7,92 = 1.011000
7,93 = 0.995000
7,94 = 1.019000
7,95 = 1.127000
7,96 = 0.867000
7,97 = 0.953000
7,98 = 1.075000
7,99 = 0.961000
7,100 = 0.482000
7,101 = 0.477000
7,102 = 0.550000
7,103 = 0.753000
7,104 = 0.522000
7,105 = 0.706000
7,106 = 0.511000
7,107 = 0.993000
7,108 = 1.066000
7,109 = 1.059000
7,110 = 1.091000
7,111 = 0.982000
7,112 = 1.128000
7,113 = 1.029000
7,114 = 0.921000
7,115 = 0.993000
7,116 = 0.981000
7,117 = 0.969000
7,118 = 1.052000
7,119 = 1.066000
7,120 = 1.171000
7,121 = 1.060000
7,122 = 1.090000
7,123 = 1.067000
7,124 = 0.882000
7,125 = 1.108000
7,126 = 0.910000
7,127 = 1.063000
7,128 = 1.070000
7,129 = 0.905000
7,130 = 0.998000
7,131 = 0.729000
7,132 = 0.948000
7,133 = 0.780000
8,1 = 0.425000
8,2 = 0.672000
8,3 = 0.390000
8,4 = 0.370000
8,5 = 0.624000
8,6 = 0.670000
8,7 = 0.376000
8,8 = 0.000000
8,9 = 0.420000
8,10 = 0.959000
8,11 = 0.993000
8,12 = 0.939000
8,13 = 1.248000
8,14 = 1.128000
8,15 = 1.056000
8,16 = 1.007000
8,17 = 0.933000
8,18 = 1.012000
8,19 = 1.061000
8,20 = 0.998000
8,21 = 0.994000
8,22 = 1.058000
8,23 = 0.906000
8,24 = 0.926000
8,25 = 0.887000
8,26 = 1.031000
8,27 = 1.073000
8,28 = 0.988000
8,29 = 1.110000
8,30 = 1.077000
8,31 = 0.830000
8,32 = 1.036000
8,33 = 0.878000
8,34 = 0.779000
8,35 = 1.126000
8,36 = 0.927000
8,37 = 0.820000
8,38 = 1.128000
8,39 = 1.042000
8,40 = 0.894000
8,41 = 0.819000
8,42 = 1.123000
8,43 = 0.998000
8,44 = 1.046000
8,45 = 1.005000
8,46 = 1.059000
8,47 = 1.039000
8,48 = 1.072000
8,49 = 1.074000
8,50 = 1.060000
8,51 = 0.912000
8,52 = 1.046000
8,53 = 1.159000
8,54 = 1.015000
8,55 = 1.138000
8,56 = 0.985000
8,57 = 1.022000
8,58 = 0.964000
8,59 = 0.979000
8,60 = 1.012000
8,61 = 0.926000
8,62 = 1.004000
8,63 = 0.854000
8,64 = 0.656000
8,65 = 0.835000
8,66 = 0.812000
8,67 = 0.782000
8,68 = 0.623000
8,69 = 0.813000
8,70 = 0.779000
8,71 = 0.776000
8,72 = 0.854000
8,73 = 1.207000
8,74 = 0.822000
8,75 = 0.832000
8,76 = 0.835000
8,77 = 0.990000
8,78 = 0.736000
8,79 = 0.987000
8,80 = 1.069000
8,81 = 0.903000
8,82 = 0.978000
8,83 = 1.034000
8,84 = 1.067000
8,85 = 1.018000
8,86 = 0.984000
8,87 = 1.062000
8,88 = 0.993000
8,89 = 0.964000
8,90 = 0.920000
8,91 = 1.040000
8,92 = 0.987000
8,93 = 0.998000
8,94 = 0.889000
8,95 = 1.103000
8,96 = 0.850000
8,97 = 0.950000
8,98 = 1.007000
8,99 = 0.878000
8,100 = 0.508000
8,101 = 0.426000
8,102 = 0.531000
8,103 = 0.785000
8,104 = 0.492000
8,105 = 0.674000
8,106 = 0.571000
8,107 = 0.992000
8,108 = 0.961000
8,109 = 1.059000
8,110 = 0.988000
8,111 = 0.969000
8,112 = 0.983000
8,113 = 0.988000
8,114 = 0.927000
8,115 = 0.856000
8,116 = 0.963000
8,117 = 0.964000
8,118 = 0.977000
8,119 = 1.043000
8,120 = 1.076000
8,121 = 0.971000
8,122 = 1.064000
8,123 = 0.922000
8,124 = 0.856000
8,125 = 1.088000
8,126 = 0.899000
8,127 = 1.021000
8,128 = 1.061000
8,129 = 0.887000
8,130 = 0.976000
8,131 = 0.741000
8,132 = 0.914000
8,133 = 0.737000
9,1 = 0.302000
9,2 = 0.531000
9,3 = 0.255000
9,4 = 0.300000
9,5 = 0.594000
9,6 = 0.610000
9,7 = 0.221000
9,8 = 0.420000
9,9 = 0.000000
9,10 = 0.968000
9,11 = 0.954000
9,12 = 0.898000
9,13 = 1.327000
9,14 = 1.150000
9,15 = 1.126000
9,16 = 0.984000
9,17 = 0.964000
9,18 = 0.987000
9,19 = 1.085000
9,20 = 1.021000
9,21 = 0.971000
9,22 = 1.136000
9,23 = 0.924000
9,24 = 1.005000
9,25 = 0.961000
9,26 = 1.156000
9,27 = 1.052000
9,28 = 1.035000
9,29 = 1.243000
9,30 = 1.105000
9,31 = 0.875000
9,32 = 1.025000
9,33 = 0.913000
9,34 = 0.784000
9,35 = 1.185000
9,36 = 0.949000
9,37 = 0.851000
9,38 = 1.165000
9,39 = 1.134000
9,40 = 0.910000
9,41 = 0.732000
9,42 = 1.134000
9,43 = 0.976000
9,44 = 1.077000
9,45 = 0.995000
9,46 = 1.040000
9,47 = 1.063000
9,48 = 1.106000
9,49 = 1.070000
9,50 = 1.060000
9,51 = 0.951000
9,52 = 1.019000
9,53 = 1.170000
9,54 = 1.022000
9,55 = 1.136000
9,56 = 0.981000
9,57 = 1.056000
9,58 = 0.953000
9,59 = 0.964000
9,60 = 1.067000
9,61 = 0.908000
9,62 = 1.028000
9,63 = 0.991000
9,64 = 0.912000
9,65 = 0.972000
9,66 = 0.981000
9,67 = 0.909000
9,68 = 0.733000
9,69 = 0.957000
9,70 = 0.881000
9,71 = 0.783000
9,72 = 1.040000
9,73 = 1.333000
9,74 = 0.924000
9,75 = 0.881000
9,76 = 0.951000
9,77 = 1.079000
9,78 = 0.871000
9,79 = 1.068000
9,80 = 1.089000
9,81 = 0.964000
9,82 = 1.034000
9,83 = 1.072000
9,84 = 1.096000
9,85 = 1.045000
9,86 = 1.022000
9,87 = 1.109000
9,88 = 1.015000
9,89 = 0.983000
9,90 = 0.954000
9,91 = 1.023000
9,92 = 0.972000
9,93 = 1.022000
9,94 = 0.964000
9,95 = 1.137000
9,96 = 0.875000
9,97 = 0.981000
9,98 = 1.067000
9,99 = 0.888000
9,100 = 0.397000
9,101 = 0.377000
9,102 = 0.452000
9,103 = 0.722000
9,104 = 0.435000
9,105 = 0.669000
9,106 = 0.463000
9,107 = 1.020000
9,108 = 1.032000
9,109 = 1.029000
9,110 = 1.042000
9,111 = 1.003000
9,112 = 1.078000
9,113 = 0.963000
9,114 = 0.960000
9,115 = 0.947000
9,116 = 0.996000
9,117 = 0.993000
9,118 = 1.009000
9,119 = 1.071000
9,120 = 1.133000
9,121 = 1.065000
9,122 = 1.113000
9,123 = 1.009000
9,124 = 0.890000
9,125 = 1.064000
9,126 = 0.924000
9,127 = 0.994000
9,128 = 1.080000
9,129 = 0.917000
9,130 = 1.014000
9,131 = 0.800000
9,132 = 0.988000
9,133 = 0.824000
10,1 = 0.989000
10,2 = 0.773000
10,3 = 0.982000
10,4 = 0.874000
10,5 = 0.833000
10,6 = 0.809000
10,7 = 0.997000
10,8 = 0.959000
10,9 = 0.968000
10,10 = 0.000000
10,11 = 0.487000
10,12 = 0.740000
10,13 = 0.779000
10,14 = 0.638000
10,15 = 0.716000
10,16 = 1.078000
10,17 = 0.740000
10,18 = 1.070000
10,19 = 0.904000
10,20 = 0.845000
10,21 = 1.062000
10,22 = 0.888000
10,23 = 0.671000
10,24 = 1.052000
10,25 = 1.095000
10,26 = 1.067000
10,27 = 1.107000
10,28 = 0.795000
10,29 = 1.146000
10,30 = 0.923000
10,31 = 0.768000
10,32 = 0.878000
10,33 = 0.682000
10,34 = 0.758000
10,35 = 0.934000
10,36 = 0.805000
10,37 = 0.827000
10,38 = 0.906000
10,39 = 0.874000
10,40 = 0.841000
10,41 = 0.655000
10,42 = 1.041000
10,43 = 1.092000
10,44 = 0.968000
10,45 = 1.046000
10,46 = 0.879000
10,47 = 1.030000
10,48 = 1.075000
10,49 = 1.117000
10,50 = 0.920000
10,51 = 0.846000
10,52 = 0.856000
10,53 = 1.072000
10,54 = 1.114000
10,55 = 1.012000
10,56 = 1.078000
10,57 = 1.076000
10,58 = 1.061000
10,59 = 0.798000
10,60 = 1.029000
10,61 = 0.951000
10,62 = 1.078000
10,63 = 0.889000
10,64 = 0.857000
10,65 = 0.886000
10,66 = 0.832000
10,67 = 0.738000
10,68 = 0.638000
10,69 = 0.725000
10,70 = 0.913000
10,71 = 0.608000
10,72 = 0.856000
10,73 = 0.993000
10,74 = 0.905000
10,75 = 0.660000
10,76 = 0.824000
10,77 = 0.906000
10,78 = 0.861000
10,79 = 0.716000
10,80 = 0.922000
10,81 = 1.089000
10,82 = 0.892000
10,83 = 0.920000
10,84 = 0.864000
10,85 = 0.876000
10,86 = 0.863000
10,87 = 0.977000
10,88 = 0.781000
10,89 = 0.909000
10,90 = 0.694000
10,91 = 1.087000
10,92 = 1.029000
10,93 = 0.792000
10,94 = 1.092000
10,95 = 0.988000
10,96 = 0.869000
10,97 = 0.692000
10,98 = 0.911000
10,99 = 0.901000
10,100 = 1.020000
10,101 = 0.862000
10,102 = 1.020000
10,103 = 0.730000
10,104 = 0.865000
10,105 = 0.514000
10,106 = 1.147000
10,107 = 0.799000
10,108 = 1.098000
10,109 = 1.083000
10,110 = 1.191000
10,111 = 0.741000
10,112 = 1.118000
10,113 = 1.034000
10,114 = 0.837000
10,115 = 1.047000
10,116 = 0.783000
10,117 = 0.799000
10,118 = 1.185000
10,119 = 0.998000
10,120 = 0.927000
10,121 = 1.133000
10,122 = 0.883000
10,123 = 1.130000
10,124 = 0.833000
10,125 = 1.153000
10,126 = 0.673000
10,127 = 1.080000
10,128 = 0.825000
10,129 = 0.684000
10,130 = 0.730000
10,131 = 0.795000
10,132 = 0.737000
10,133 = 0.762000
11,1 = 0.979000
11,2 = 0.732000
11,3 = 0.987000
11,4 = 0.864000
11,5 = 0.826000
11,6 = 0.792000
11,7 = 1.004000
11,8 = 0.993000
11,9 = 0.954000
11,10 = 0.487000
11,11 = 0.000000
11,12 = 0.412000
11,13 = 0.656000
11,14 = 0.437000
11,15 = 0.881000
11,16 = 1.134000
11,17 = 0.869000
11,18 = 1.113000
11,19 = 1.006000
11,20 = 0.980000
11,21 = 1.138000
11,22 = 1.057000
11,23 = 0.865000
11,24 = 1.222000
11,25 = 1.179000
11,26 = 1.180000
11,27 = 1.170000
11,28 = 0.978000
11,29 = 1.270000
11,30 = 1.044000
11,31 = 0.938000
11,32 = 0.965000
11,33 = 0.836000
11,34 = 0.874000
11,35 = 1.106000
11,36 = 0.956000
11,37 = 0.698000
11,38 = 1.086000
11,39 = 1.107000
11,40 = 1.047000
11,41 = 0.801000
11,42 = 1.151000
11,43 = 1.168000
11,44 = 1.025000
11,45 = 1.122000
11,46 = 1.034000
11,47 = 1.106000
11,48 = 1.195000
11,49 = 1.193000
11,50 = 1.079000
11,51 = 0.972000
11,52 = 1.008000
11,53 = 1.205000
11,54 = 1.194000
11,55 = 1.153000
11,56 = 1.155000
11,57 = 1.153000
11,58 = 1.137000
11,59 = 0.958000
11,60 = 1.135000
11,61 = 1.023000
11,62 = 1.154000
11,63 = 0.848000
11,64 = 0.914000
11,65 = 0.776000
11,66 = 0.930000
11,67 = 0.792000
11,68 = 0.683000
11,69 = 0.749000
11,70 = 0.916000
11,71 = 0.634000
11,72 = 0.837000
11,73 = 1.191000
11,74 = 0.860000
11,75 = 0.701000
11,76 = 0.750000
11,77 = 1.028000
11,78 = 0.922000
11,79 = 0.694000
11,80 = 1.073000
11,81 = 1.169000
11,82 = 1.004000
11,83 = 1.035000
11,84 = 0.981000
11,85 = 0.987000
11,86 = 0.972000
11,87 = 1.095000
11,88 = 0.920000
11,89 = 1.037000
11,90 = 0.849000
11,91 = 1.178000
11,92 = 1.108000
11,93 = 1.005000
11,94 = 1.123000
11,95 = 1.094000
11,96 = 0.937000
11,97 = 0.813000
11,98 = 1.028000
11,99 = 0.920000
11,100 = 0.957000
11,101 = 0.799000
11,102 = 0.970000
11,103 = 0.687000
11,104 = 0.810000
11,105 = 0.593000
11,106 = 1.111000
11,107 = 0.924000
11,108 = 1.250000
11,109 = 1.191000
11,110 = 1.279000
11,111 = 0.887000
11,112 = 1.194000
11,113 = 1.086000
11,114 = 0.965000
11,115 = 1.194000
11,116 = 0.850000
11,117 = 0.867000
11,118 = 1.244000
11,119 = 1.083000
11,120 = 1.079000
11,121 = 1.218000
11,122 = 1.021000
11,123 = 1.207000
11,124 = 0.871000
11,125 = 1.219000
11,126 = 0.841000
11,127 = 1.132000
11,128 = 0.953000
11,129 = 0.856000
11,130 = 0.886000
11,131 = 0.846000
11,132 = 0.866000
11,133 = 0.798000
12,1 = 0.869000
12,2 = 0.720000
12,3 = 0.952000
12,4 = 0.812000
12,5 = 0.869000
12,6 = 0.788000
12,7 = 0.948000
12,8 = 0.939000
12,9 = 0.898000
12,10 = 0.740000
12,11 = 0.412000
12,12 = 0.000000
12,13 = 0.899000
12,14 = 0.658000
12,15 = 0.901000
12,16 = 1.147000
12,17 = 0.996000
12,18 = 1.126000
12,19 = 1.208000
12,20 = 1.135000
12,21 = 1.147000
12,22 = 1.088000
12,23 = 1.055000
12,24 = 1.260000
12,25 = 1.192000
12,26 = 1.220000
12,27 = 1.183000
12,28 = 0.961000
12,29 = 1.270000
12,30 = 1.269000
12,31 = 0.931000
12,32 = 1.001000
12,33 = 0.973000
12,34 = 0.982000
12,35 = 1.284000
12,36 = 1.030000
12,37 = 0.699000
12,38 = 1.272000
12,39 = 1.186000
12,40 = 1.021000
12,41 = 0.903000
12,42 = 1.330000
12,43 = 1.181000
12,44 = 1.045000
12,45 = 1.131000
12,46 = 1.177000
12,47 = 1.115000
12,48 = 1.348000
12,49 = 1.202000
12,50 = 1.237000
12,51 = 1.168000
12,52 = 1.184000
12,53 = 1.353000
12,54 = 1.199000
12,55 = 1.302000
12,56 = 1.164000
12,57 = 1.162000
12,58 = 1.146000
12,59 = 1.127000
12,60 = 1.262000
12,61 = 1.032000
12,62 = 1.164000
12,63 = 1.016000
12,64 = 0.937000
12,65 = 0.956000
12,66 = 1.080000
12,67 = 0.966000
12,68 = 0.745000
12,69 = 0.924000
12,70 = 0.908000
12,71 = 0.815000
12,72 = 0.964000
12,73 = 1.342000
12,74 = 1.029000
12,75 = 0.857000
12,76 = 0.921000
12,77 = 1.128000
12,78 = 0.907000
12,79 = 0.857000
12,80 = 1.257000
12,81 = 1.141000
12,82 = 1.151000
12,83 = 1.211000
12,84 = 1.154000
12,85 = 1.161000
12,86 = 1.097000
12,87 = 1.243000
12,88 = 1.114000
12,89 = 1.195000
12,90 = 1.005000
12,91 = 1.163000
12,92 = 1.102000
12,93 = 1.182000
12,94 = 1.136000
12,95 = 1.234000
12,96 = 0.899000
12,97 = 0.993000
12,98 = 1.136000
12,99 = 0.838000
12,100 = 0.873000
12,101 = 0.788000
12,102 = 0.865000
12,103 = 0.757000
12,104 = 0.835000
12,105 = 0.709000
12,106 = 0.998000
12,107 = 1.125000
12,108 = 1.259000
12,109 = 1.192000
12,110 = 1.256000
12,111 = 1.056000
12,112 = 1.204000
12,113 = 1.099000
12,114 = 0.946000
12,115 = 1.174000
12,116 = 1.015000
12,117 = 1.089000
12,118 = 1.234000
12,119 = 1.040000
12,120 = 1.175000
12,121 = 1.177000
12,122 = 1.215000
12,123 = 1.216000
12,124 = 0.946000
12,125 = 1.214000
12,126 = 1.036000
12,127 = 1.145000
12,128 = 1.175000
12,129 = 1.067000
12,130 = 1.065000
12,131 = 0.874000
12,132 = 0.997000
12,133 = 0.916000
13,1 = 1.333000
13,2 = 1.139000
13,3 = 1.284000
13,4 = 1.260000
13,5 = 1.112000
13,6 = 1.191000
13,7 = 1.314000
13,8 = 1.248000
13,9 = 1.327000
13,10 = 0.779000
13,11 = 0.656000
13,12 = 0.899000
13,13 = 0.000000
13,14 = 0.663000
13,15 = 0.778000
13,16 = 1.254000
13,17 = 0.971000
13,18 = 1.232000
13,19 = 0.989000
13,20 = 0.976000
13,21 = 1.260000
13,22 = 1.008000
13,23 = 0.918000
13,24 = 1.283000
13,25 = 1.257000
13,26 = 1.114000
13,27 = 1.298000
13,28 = 0.961000
13,29 = 1.206000
13,30 = 0.999000
13,31 = 1.165000
13,32 = 1.165000
13,33 = 0.959000
13,34 = 1.140000
13,35 = 1.173000
13,36 = 1.111000
13,37 = 0.938000
13,38 = 1.145000
13,39 = 1.101000
13,40 = 1.238000
13,41 = 1.129000
13,42 = 1.130000
13,43 = 1.279000
13,44 = 1.131000
13,45 = 1.160000
13,46 = 1.051000
13,47 = 1.199000
13,48 = 1.156000
13,49 = 1.270000
13,50 = 1.079000
13,51 = 0.984000
13,52 = 1.098000
13,53 = 1.170000
13,54 = 1.219000
13,55 = 1.158000
13,56 = 1.230000
13,57 = 1.276000
13,58 = 1.240000
13,59 = 0.974000
13,60 = 1.103000
13,61 = 1.190000
13,62 = 1.277000
13,63 = 0.962000
13,64 = 1.010000
13,65 = 0.881000
13,66 = 1.054000
13,67 = 0.904000
13,68 = 0.983000
13,69 = 0.963000
13,70 = 1.064000
13,71 = 0.924000
13,72 = 0.885000
13,73 = 1.080000
13,74 = 1.027000
13,75 = 0.835000
13,76 = 0.837000
13,77 = 1.005000
13,78 = 1.035000
13,79 = 0.713000
13,80 = 1.063000
13,81 = 1.292000
13,82 = 1.040000
13,83 = 1.023000
13,84 = 1.022000
13,85 = 0.983000
13,86 = 0.987000
13,87 = 1.091000
13,88 = 1.013000
13,89 = 1.046000
13,90 = 0.883000
13,91 = 1.214000
13,92 = 1.236000
13,93 = 1.002000
13,94 = 1.260000
13,95 = 1.134000
13,96 = 1.131000
13,97 = 0.938000
13,98 = 1.075000
13,99 = 1.199000
13,100 = 1.300000
13,101 = 1.148000
13,102 = 1.320000
13,103 = 0.950000
13,104 = 1.150000
13,105 = 0.890000
13,106 = 1.401000
13,107 = 0.983000
13,108 = 1.275000
13,109 = 1.269000
13,110 = 1.352000
13,111 = 0.969000
13,112 = 1.311000
13,113 = 1.242000
13,114 = 0.998000
13,115 = 1.239000
13,116 = 1.009000
13,117 = 0.990000
13,118 = 1.368000
13,119 = 1.220000
13,120 = 1.102000
13,121 = 1.312000
13,122 = 1.038000
13,123 = 1.323000
13,124 = 1.068000
13,125 = 1.319000
13,126 = 0.957000
13,127 = 1.233000
13,128 = 0.978000
13,129 = 0.886000
13,130 = 0.932000
13,131 = 1.009000
13,132 = 1.021000
13,133 = 0.980000
14,1 = 1.157000
14,2 = 0.993000
14,3 = 1.150000
14,4 = 1.055000
14,5 = 1.069000
14,6 = 1.041000
14,7 = 1.156000
14,8 = 1.128000
14,9 = 1.150000
14,10 = 0.638000
14,11 = 0.437000
14,12 = 0.658000
14,13 = 0.663000
14,14 = 0.000000
14,15 = 0.903000
14,16 = 1.196000
14,17 = 0.784000
14,18 = 1.172000
14,19 = 1.001000
14,20 = 0.917000
14,21 = 1.178000
14,22 = 1.105000
14,23 = 0.825000
14,24 = 1.226000
14,25 = 1.244000
14,26 = 1.206000
14,27 = 1.153000
14,28 = 0.969000
14,29 = 1.277000
14,30 = 1.046000
14,31 = 0.985000
14,32 = 0.946000
14,33 = 1.009000
14,34 = 1.048000
14,35 = 1.057000
14,36 = 0.866000
14,37 = 0.958000
14,38 = 1.064000
14,39 = 0.986000
14,40 = 1.053000
14,41 = 1.028000
14,42 = 1.138000
14,43 = 1.271000
14,44 = 1.011000
14,45 = 1.195000
14,46 = 1.036000
14,47 = 1.119000
14,48 = 1.157000
14,49 = 1.276000
14,50 = 1.107000
14,51 = 0.965000
14,52 = 1.016000
14,53 = 1.195000
14,54 = 1.224000
14,55 = 1.164000
14,56 = 1.189000
14,57 = 1.198000
14,58 = 1.210000
14,59 = 0.959000
14,60 = 1.152000
14,61 = 1.177000
14,62 = 1.214000
14,63 = 1.052000
14,64 = 1.082000
14,65 = 0.980000
14,66 = 1.053000
14,67 = 0.998000
14,68 = 0.863000
14,69 = 0.939000
14,70 = 1.106000
14,71 = 0.868000
14,72 = 0.992000
14,73 = 1.177000
14,74 = 1.094000
14,75 = 0.913000
14,76 = 0.939000
14,77 = 1.062000
14,78 = 1.055000
14,79 = 0.792000
14,80 = 1.065000
14,81 = 1.150000
14,82 = 0.937000
14,83 = 1.013000
14,84 = 0.979000
14,85 = 0.956000
14,86 = 0.962000
14,87 = 1.076000
14,88 = 0.883000
14,89 = 1.049000
14,90 = 0.808000
14,91 = 1.227000
14,92 = 1.140000
14,93 = 0.978000
14,94 = 1.231000
14,95 = 1.098000
14,96 = 0.986000
14,97 = 0.780000
14,98 = 0.965000
14,99 = 0.994000
14,100 = 1.078000
14,101 = 0.920000
14,102 = 1.090000
14,103 = 0.761000
14,104 = 0.922000
14,105 = 0.648000
14,106 = 1.213000
14,107 = 0.852000
14,108 = 1.268000
14,109 = 1.237000
14,110 = 1.240000
14,111 = 0.840000
14,112 = 1.210000
14,113 = 1.179000
14,114 = 0.961000
14,115 = 1.228000
14,116 = 0.781000
14,117 = 0.812000
14,118 = 1.276000
14,119 = 1.078000
14,120 = 1.064000
14,121 = 1.157000
14,122 = 1.004000
14,123 = 1.190000
14,124 = 0.881000
14,125 = 1.169000
14,126 = 0.790000
14,127 = 1.184000
14,128 = 0.971000
14,129 = 0.864000
14,130 = 0.830000
14,131 = 0.992000
14,132 = 1.002000
14,133 = 0.994000
15,1 = 1.126000
15,2 = 1.012000
15,3 = 1.098000
15,4 = 1.003000
15,5 = 0.882000
15,6 = 1.015000
15,7 = 1.120000
15,8 = 1.056000
15,9 = 1.126000
15,10 = 0.716000
15,11 = 0.881000
15,12 = 0.901000
15,13 = 0.778000
15,14 = 0.903000
15,15 = 0.000000
15,16 = 0.978000
15,17 = 0.811000
15,18 = 0.987000
15,19 = 0.899000
15,20 = 0.892000
15,21 = 0.959000
15,22 = 0.812000
15,23 = 0.837000
15,24 = 1.008000
15,25 = 0.952000
15,26 = 0.980000
15,27 = 1.040000
15,28 = 0.767000
15,29 = 1.056000
15,30 = 0.913000
15,31 = 0.681000
15,32 = 1.081000
15,33 = 0.776000
15,34 = 0.816000
15,35 = 1.036000
15,36 = 0.791000
15,37 = 0.594000
15,38 = 1.011000
15,39 = 0.850000
15,40 = 0.732000
15,41 = 0.886000
15,42 = 0.993000
15,43 = 0.985000
15,44 = 0.955000
15,45 = 0.866000
15,46 = 0.913000
15,47 = 0.948000
15,48 = 0.978000
15,49 = 0.973000
15,50 = 0.918000
15,51 = 0.858000
15,52 = 0.907000
15,53 = 1.026000
15,54 = 0.988000
15,55 = 1.016000
15,56 = 0.967000
15,57 = 0.960000
15,58 = 0.960000
15,59 = 0.842000
15,60 = 0.963000
15,61 = 0.836000
15,62 = 0.967000
15,63 = 0.880000
15,64 = 0.689000
15,65 = 0.835000
15,66 = 0.913000
15,67 = 0.825000
15,68 = 0.722000
15,69 = 0.736000
15,70 = 0.557000
15,71 = 0.699000
15,72 = 0.675000
15,73 = 0.870000
15,74 = 0.935000
15,75 = 0.877000
15,76 = 0.851000
15,77 = 0.741000
15,78 = 0.505000
15,79 = 0.871000
15,80 = 0.931000
15,81 = 1.036000
15,82 = 0.911000
15,83 = 0.948000
15,84 = 0.895000
15,85 = 0.895000
15,86 = 0.894000
15,87 = 0.924000
15,88 = 0.830000
15,89 = 0.969000
15,90 = 0.785000
15,91 = 1.028000
15,92 = 1.004000
15,93 = 0.824000
15,94 = 0.966000
15,95 = 1.029000
15,96 = 0.791000
15,97 = 0.795000
15,98 = 0.952000
15,99 = 0.871000
15,100 = 1.108000
15,101 = 1.054000
15,102 = 1.092000
15,103 = 0.888000
15,104 = 1.057000
15,105 = 0.807000
15,106 = 1.257000
15,107 = 0.863000
15,108 = 1.025000
15,109 = 1.064000
15,110 = 1.125000
15,111 = 0.804000
15,112 = 1.032000
15,113 = 0.933000
15,114 = 0.925000
15,115 = 0.961000
15,116 = 0.906000
15,117 = 0.900000
15,118 = 1.075000
15,119 = 0.982000
15,120 = 0.981000
15,121 = 1.046000
15,122 = 0.880000
15,123 = 1.066000
15,124 = 0.975000
15,125 = 1.089000
15,126 = 0.868000
15,127 = 1.016000
15,128 = 0.876000
15,129 = 0.784000
15,130 = 0.818000
15,131 = 0.845000
15,132 = 0.776000
15,133 = 0.801000
16,1 = 1.032000
16,2 = 0.918000
16,3 = 1.023000
16,4 = 0.904000
16,5 = 1.001000
16,6 = 0.940000
16,7 = 1.049000
16,8 = 1.007000
16,9 = 0.984000
16,10 = 1.078000
16,11 = 1.134000
16,12 = 1.147000
16,13 = 1.254000
16,14 = 1.196000
16,15 = 0.978000
16,16 = 0.000000
16,17 = 0.913000
16,18 = 0.224000
16,19 = 0.598000
16,20 = 0.756000
16,21 = 0.214000
16,22 = 0.811000
16,23 = 0.838000
16,24 = 0.597000
16,25 = 0.435000
16,26 = 0.813000
16,27 = 0.396000
16,28 = 1.020000
16,29 = 1.000000
16,30 = 0.617000
16,31 = 0.838000
16,32 = 0.916000
16,33 = 1.017000
16,34 = 0.907000
16,35 = 0.845000
16,36 = 0.914000
16,37 = 0.990000
16,38 = 0.881000
16,39 = 0.818000
16,40 = 0.845000
16,41 = 0.863000
16,42 = 0.698000
16,43 = 0.505000
16,44 = 0.713000
16,45 = 0.542000
16,46 = 0.771000
16,47 = 0.607000
16,48 = 0.850000
16,49 = 0.556000
16,50 = 0.737000
16,51 = 0.914000
16,52 = 0.725000
16,53 = 0.778000
16,54 = 0.629000
16,55 = 0.689000
16,56 = 0.547000
16,57 = 0.420000
16,58 = 0.512000
16,59 = 0.799000
16,60 = 0.841000
16,61 = 0.530000
16,62 = 0.513000
16,63 = 1.074000
16,64 = 0.835000
16,65 = 1.005000
16,66 = 0.712000
16,67 = 0.986000
16,68 = 0.915000
16,69 = 0.820000
16,70 = 0.709000
16,71 = 0.865000
16,72 = 0.789000
16,73 = 1.018000
16,74 = 1.096000
16,75 = 1.046000
16,76 = 1.037000
16,77 = 0.933000
16,78 = 0.755000
16,79 = 1.036000
16,80 = 0.582000
16,81 = 0.498000
16,82 = 0.926000
16,83 = 0.628000
16,84 = 0.835000
16,85 = 0.638000
16,86 = 0.766000
16,87 = 0.812000
16,88 = 1.023000
16,89 = 0.524000
16,90 = 0.904000
16,91 = 0.343000
16,92 = 0.316000
16,93 = 0.934000
16,94 = 0.429000
16,95 = 0.792000
16,96 = 0.867000
16,97 = 0.931000
16,98 = 0.942000
16,99 = 0.954000
16,100 = 0.990000
16,101 = 0.984000
16,102 = 0.978000
16,103 = 0.723000
16,104 = 0.981000
16,105 = 0.735000
16,106 = 1.115000
16,107 = 0.856000
16,108 = 0.555000
16,109 = 0.319000
16,110 = 0.556000
16,111 = 0.912000
16,112 = 0.525000
16,113 = 0.258000
16,114 = 0.952000
16,115 = 0.526000
16,116 = 1.015000
16,117 = 0.971000
16,118 = 0.510000
16,119 = 0.840000
16,120 = 0.965000
16,121 = 0.654000
16,122 = 0.878000
16,123 = 0.445000
16,124 = 0.999000
16,125 = 0.343000
16,126 = 0.908000
16,127 = 0.260000
16,128 = 0.804000
16,129 = 0.765000
16,130 = 0.922000
16,131 = 1.011000
16,132 = 1.033000
16,133 = 1.007000
17,1 = 0.962000
17,2 = 0.760000
17,3 = 0.910000
17,4 = 0.901000
17,5 = 0.822000
17,6 = 0.846000
17,7 = 0.941000
17,8 = 0.933000
17,9 = 0.964000
17,10 = 0.740000
17,11 = 0.869000
17,12 = 0.996000
17,13 = 0.971000
17,14 = 0.784000
17,15 = 0.811000
17,16 = 0.913000
17,17 = 0.000000
17,18 = 0.917000
17,19 = 0.492000
17,20 = 0.388000
17,21 = 0.928000
17,22 = 0.958000
17,23 = 0.343000
17,24 = 0.867000
17,25 = 0.901000
17,26 = 0.991000
17,27 = 0.960000
17,28 = 0.768000
17,29 = 1.087000
17,30 = 0.560000
17,31 = 0.873000
17,32 = 0.754000
17,33 = 0.975000
17,34 = 0.912000
17,35 = 0.860000
17,36 = 0.718000
17,37 = 0.927000
17,38 = 0.813000
17,39 = 0.845000
17,40 = 0.917000
17,41 = 0.926000
17,42 = 0.698000
17,43 = 0.920000
17,44 = 0.929000
17,45 = 0.820000
17,46 = 0.606000
17,47 = 0.820000
17,48 = 0.714000
17,49 = 0.865000
17,50 = 0.653000
17,51 = 0.525000
17,52 = 0.624000
17,53 = 0.755000
17,54 = 0.927000
17,55 = 0.770000
17,56 = 0.876000
17,57 = 0.992000
17,58 = 0.855000
17,59 = 0.525000
17,60 = 0.703000
17,61 = 0.809000
17,62 = 1.013000
17,63 = 1.020000
17,64 = 0.946000
17,65 = 0.992000
17,66 = 0.955000
17,67 = 0.980000
17,68 = 0.818000
17,69 = 0.969000
17,70 = 0.880000
17,71 = 0.862000
17,72 = 0.953000
17,73 = 0.936000
17,74 = 1.024000
17,75 = 0.938000
17,76 = 1.039000
17,77 = 0.790000
17,78 = 0.882000
17,79 = 0.948000
17,80 = 0.586000
17,81 = 0.956000
17,82 = 0.473000
17,83 = 0.538000
17,84 = 0.417000
17,85 = 0.452000
17,86 = 0.505000
17,87 = 0.569000
17,88 = 0.320000
17,89 = 0.608000
17,90 = 0.245000
17,91 = 0.944000
17,92 = 0.899000
17,93 = 0.464000
17,94 = 0.930000
17,95 = 0.600000
17,96 = 0.538000
17,97 = 0.295000
17,98 = 0.551000
17,99 = 0.732000
17,100 = 0.968000
17,101 = 0.870000
17,102 = 0.989000
17,103 = 0.560000
17,104 = 0.866000
17,105 = 0.751000
17,106 = 1.031000
17,107 = 0.325000
17,108 = 0.887000
17,109 = 0.890000
17,110 = 0.973000
17,111 = 0.234000
17,112 = 1.013000
17,113 = 0.936000
17,114 = 0.469000
17,115 = 0.868000
17,116 = 0.285000
17,117 = 0.337000
17,118 = 1.075000
17,119 = 0.777000
17,120 = 0.607000
17,121 = 0.998000
17,122 = 0.460000
17,123 = 1.029000
17,124 = 0.401000
17,125 = 0.947000
17,126 = 0.323000
17,127 = 0.915000
17,128 = 0.440000
17,129 = 0.465000
17,130 = 0.233000
17,131 = 0.849000
17,132 = 0.834000
17,133 = 0.821000
18,1 = 1.017000
18,2 = 0.922000
18,3 = 1.028000
18,4 = 0.910000
18,5 = 1.001000
18,6 = 0.944000
18,7 = 1.054000
18,8 = 1.012000
18,9 = 0.987000
18,10 = 1.070000
18,11 = 1.113000
18,12 = 1.126000
18,13 = 1.232000
18,14 = 1.172000
18,15 = 0.987000
18,16 = 0.224000
18,17 = 0.917000
18,18 = 0.000000
18,19 = 0.615000
18,20 = 0.738000
18,21 = 0.226000
18,22 = 0.876000
18,23 = 0.831000
18,24 = 0.611000
18,25 = 0.376000
18,26 = 0.832000
18,27 = 0.405000
18,28 = 1.013000
18,29 = 1.039000
18,30 = 0.563000
18,31 = 0.842000
18,32 = 0.955000
18,33 = 1.002000
18,34 = 0.906000
18,35 = 0.869000
18,36 = 0.913000
18,37 = 0.981000
18,38 = 0.897000
18,39 = 0.836000
18,40 = 0.839000
18,41 = 0.865000
18,42 = 0.795000
18,43 = 0.541000
18,44 = 0.730000
18,45 = 0.592000
18,46 = 0.804000
18,47 = 0.657000
18,48 = 0.889000
18,49 = 0.606000
18,50 = 0.738000
18,51 = 0.909000
18,52 = 0.778000
18,53 = 0.844000
18,54 = 0.607000
18,55 = 0.738000
18,56 = 0.559000
18,57 = 0.472000
18,58 = 0.522000
18,59 = 0.806000
18,60 = 0.855000
18,61 = 0.580000
18,62 = 0.527000
18,63 = 1.074000
18,64 = 0.883000
18,65 = 1.019000
18,66 = 0.722000
18,67 = 0.983000
18,68 = 0.933000
18,69 = 0.817000
18,70 = 0.705000
18,71 = 0.874000
18,72 = 0.829000
18,73 = 1.056000
18,74 = 1.083000
18,75 = 1.041000
18,76 = 1.032000
18,77 = 0.954000
18,78 = 0.753000
18,79 = 1.008000
18,80 = 0.617000
18,81 = 0.519000
18,82 = 0.899000
18,83 = 0.613000
18,84 = 0.828000
18,85 = 0.611000
18,86 = 0.697000
18,87 = 0.761000
18,88 = 1.010000
18,89 = 0.427000
18,90 = 0.900000
18,91 = 0.263000
18,92 = 0.254000
18,93 = 0.922000
18,94 = 0.400000
18,95 = 0.800000
18,96 = 0.887000
18,97 = 0.923000
18,98 = 0.881000
18,99 = 0.974000
18,100 = 0.999000
18,101 = 0.979000
18,102 = 0.986000
18,103 = 0.746000
18,104 = 0.976000
18,105 = 0.716000
18,106 = 1.100000
18,107 = 0.855000
18,108 = 0.563000
18,109 = 0.326000
18,110 = 0.516000
18,111 = 0.905000
18,112 = 0.530000
18,113 = 0.229000
18,114 = 0.983000
18,115 = 0.522000
18,116 = 1.012000
18,117 = 0.969000
18,118 = 0.526000
18,119 = 0.850000
18,120 = 0.950000
18,121 = 0.648000
18,122 = 0.883000
18,123 = 0.440000
18,124 = 1.008000
18,125 = 0.373000
18,126 = 0.908000
18,127 = 0.137000
18,128 = 0.777000
18,129 = 0.748000
18,130 = 0.917000
18,131 = 1.006000
18,132 = 1.041000
18,133 = 0.998000
19,1 = 1.093000
19,2 = 0.903000
19,3 = 1.051000
